 #specbin	  lambda [nm]	  lampspec	  darkspec	  acidspec	  alkaspec	  absorbacid	  absorbalka
0.000000 	339.320007 	0.000000 	0.000000 	0.000000 	0.000000 	-1.#IND00 	-1.#IND00 	
1.000000 	339.690002 	-4.009984 	84.538887 	-0.770956 	-0.016494 	-1.#IND00 	-1.#IND00 	
2.000000 	340.070007 	-4.128908 	85.687500 	-0.783697 	0.023437 	-1.#IND00 	-1.#IND00 	
3.000000 	340.450012 	-4.225953 	86.798607 	-0.766000 	0.005036 	-1.#IND00 	-1.#IND00 	
4.000000 	340.829987 	-4.236631 	88.006943 	-0.773792 	0.011806 	-1.#IND00 	-1.#IND00 	
5.000000 	341.209991 	-4.397222 	90.109718 	-0.869505 	-0.063889 	-1.#IND00 	-1.#IND00 	
6.000000 	341.589996 	-4.326648 	91.343056 	-0.857729 	-0.071179 	-1.#IND00 	-1.#IND00 	
7.000000 	341.959991 	-4.173177 	92.058334 	-0.777355 	-0.036979 	-1.#IND00 	-1.#IND00 	
8.000000 	342.339996 	-4.095833 	92.820831 	-0.731160 	-0.042188 	-1.#IND00 	-1.#IND00 	
9.000000 	342.720001 	-4.076736 	93.523613 	-0.704589 	-0.009549 	-1.#IND00 	-1.#IND00 	
10.000000 	343.100006 	-4.007639 	94.238892 	-0.619323 	0.089236 	-1.#IND00 	-1.#IND00 	
11.000000 	343.480011 	-4.064581 	94.908333 	-0.655615 	0.061460 	-1.#IND00 	-1.#IND00 	
12.000000 	343.859985 	-4.054428 	95.245834 	-0.742029 	0.045312 	-1.#IND00 	-1.#IND00 	
13.000000 	344.230011 	-3.987327 	95.213890 	-0.735085 	0.081423 	-1.#IND00 	-1.#IND00 	
14.000000 	344.609985 	-3.961371 	95.115280 	-0.645169 	0.104513 	-1.#IND00 	-1.#IND00 	
15.000000 	344.989990 	-3.963629 	95.022224 	-0.578200 	0.185591 	-1.#IND00 	-1.#IND00 	
16.000000 	345.369995 	-3.955643 	94.973610 	-0.613828 	0.186806 	-1.#IND00 	-1.#IND00 	
17.000000 	345.750000 	-3.840625 	94.900002 	-0.666848 	0.123438 	-1.#IND00 	-1.#IND00 	
18.000000 	346.130005 	-3.821876 	94.800003 	-0.734240 	0.055730 	-1.#IND00 	-1.#IND00 	
19.000000 	346.500000 	-3.843490 	94.670837 	-0.725182 	0.086458 	-1.#IND00 	-1.#IND00 	
20.000000 	346.880005 	-3.823784 	94.459724 	-0.640700 	0.132465 	-1.#IND00 	-1.#IND00 	
21.000000 	347.260010 	-3.922569 	94.681946 	-0.723792 	0.050868 	-1.#IND00 	-1.#IND00 	
22.000000 	347.640015 	-3.932552 	94.820831 	-0.678442 	0.094270 	-1.#IND00 	-1.#IND00 	
23.000000 	348.019989 	-4.142187 	96.262497 	-0.745653 	0.086458 	-1.#IND00 	-1.#IND00 	
24.000000 	348.390015 	-3.540191 	95.497223 	-0.352114 	0.387153 	-1.#IND00 	-1.#IND00 	
25.000000 	348.769989 	-2.491319 	94.781944 	0.624578 	1.310243 	-1.#IND00 	-1.#IND00 	
26.000000 	349.149994 	-1.938108 	94.426392 	1.020893 	1.730903 	-1.#IND00 	-1.#IND00 	
27.000000 	349.529999 	-1.609549 	94.123611 	1.207367 	1.964409 	-1.#IND00 	-1.#IND00 	
28.000000 	349.899994 	-1.558767 	94.273613 	1.270411 	2.054515 	-1.#IND00 	-1.#IND00 	
29.000000 	350.279999 	-1.541753 	94.397224 	1.279409 	2.000695 	-1.#IND00 	-1.#IND00 	
30.000000 	350.660004 	-1.396355 	94.141670 	1.362137 	2.065624 	-1.#IND00 	-1.#IND00 	
31.000000 	351.040009 	-1.324479 	94.441666 	1.372464 	2.145833 	-1.#IND00 	-1.#IND00 	
32.000000 	351.420013 	-1.374132 	94.431946 	1.270773 	2.087327 	-1.#IND00 	-1.#IND00 	
33.000000 	351.790009 	-1.495747 	94.452782 	1.151569 	1.982118 	-1.#IND00 	-1.#IND00 	
34.000000 	352.170013 	-1.463542 	94.391670 	1.218115 	2.006250 	-1.#IND00 	-1.#IND00 	
35.000000 	352.549988 	-1.531425 	94.423607 	1.173672 	1.960245 	-1.#IND00 	-1.#IND00 	
36.000000 	352.929993 	-1.580728 	94.916664 	1.203985 	2.014583 	-1.#IND00 	-1.#IND00 	
37.000000 	353.299988 	-1.504776 	95.205559 	1.315639 	2.105381 	-1.#IND00 	-1.#IND00 	
38.000000 	353.679993 	-1.302343 	94.974998 	1.475002 	2.251563 	-1.#IND00 	-1.#IND00 	
39.000000 	354.059998 	-1.344880 	94.809723 	1.414733 	2.091317 	-1.#IND00 	-1.#IND00 	
40.000000 	354.429993 	-1.317710 	94.708336 	1.469384 	2.044270 	-1.#IND00 	-1.#IND00 	
41.000000 	354.809998 	-1.356509 	95.391663 	1.515399 	2.073958 	-1.#IND00 	-1.#IND00 	
42.000000 	355.190002 	-1.284895 	95.195831 	1.469384 	2.059374 	-1.#IND00 	-1.#IND00 	
43.000000 	355.570007 	-1.328819 	94.956947 	1.428926 	2.105035 	-1.#IND00 	-1.#IND00 	
44.000000 	355.940002 	-1.320053 	95.083336 	1.331885 	2.140104 	-1.#IND00 	-1.#IND00 	
45.000000 	356.320007 	-1.282812 	95.412498 	1.379348 	2.145833 	-1.#IND00 	-1.#IND00 	
46.000000 	356.700012 	-1.253299 	95.173615 	1.469323 	2.165451 	-1.#IND00 	-1.#IND00 	
47.000000 	357.079987 	-1.366146 	95.133331 	1.433514 	2.093228 	-1.#IND00 	-1.#IND00 	
48.000000 	357.450012 	-1.344617 	95.155556 	1.381402 	2.086112 	-1.#IND00 	-1.#IND00 	
49.000000 	357.829987 	-1.283680 	95.080559 	1.453140 	2.230902 	-1.#IND00 	-1.#IND00 	
50.000000 	358.209991 	-1.272395 	95.108330 	1.498188 	2.193750 	-1.#IND00 	-1.#IND00 	
51.000000 	358.579987 	-1.327951 	95.401390 	1.505677 	2.163717 	-1.#IND00 	-1.#IND00 	
52.000000 	358.959991 	-1.214150 	95.318054 	1.541184 	2.167361 	-1.#IND00 	-1.#IND00 	
53.000000 	359.339996 	-1.206598 	95.459724 	1.529409 	2.141319 	-1.#IND00 	-1.#IND00 	
54.000000 	359.709991 	-1.350608 	95.463890 	1.423612 	2.063195 	-1.#IND00 	-1.#IND00 	
55.000000 	360.089996 	-1.412500 	95.662498 	1.361413 	2.029167 	-1.#IND00 	-1.#IND00 	
56.000000 	360.470001 	-1.330470 	98.312500 	1.711412 	2.332812 	-1.#IND00 	-1.#IND00 	
57.000000 	360.850006 	-1.330382 	97.519447 	1.494142 	2.085243 	-1.#IND00 	-1.#IND00 	
58.000000 	361.220001 	-1.318055 	96.255554 	1.424336 	2.107986 	-1.#IND00 	-1.#IND00 	
59.000000 	361.600006 	-1.329339 	96.015274 	1.487441 	2.070661 	-1.#IND00 	-1.#IND00 	
60.000000 	361.980011 	-1.375001 	96.650002 	1.488044 	2.136979 	-1.#IND00 	-1.#IND00 	
61.000000 	362.350006 	-1.217362 	96.323608 	1.622584 	2.230555 	-1.#IND00 	-1.#IND00 	
62.000000 	362.730011 	-1.301737 	96.211113 	1.420955 	2.097742 	-1.#IND00 	-1.#IND00 	
63.000000 	363.109985 	-1.294096 	96.122223 	1.460930 	2.144965 	-1.#IND00 	-1.#IND00 	
64.000000 	363.480011 	-1.210155 	95.875000 	1.559784 	2.277606 	-1.#IND00 	-1.#IND00 	
65.000000 	363.859985 	-1.164671 	95.801392 	1.535568 	2.261632 	-1.#IND00 	-1.#IND00 	
66.000000 	364.239990 	-1.171094 	96.025002 	1.539129 	2.281771 	-1.#IND00 	-1.#IND00 	
67.000000 	364.609985 	-1.313367 	96.293053 	1.412923 	2.214237 	-1.#IND00 	-1.#IND00 	
68.000000 	364.989990 	-1.237501 	96.487503 	1.489673 	2.270312 	-1.#IND00 	-1.#IND00 	
69.000000 	365.359985 	-1.160937 	96.287498 	1.536957 	2.265104 	-1.#IND00 	-1.#IND00 	
70.000000 	365.739990 	-1.140365 	96.283333 	1.538949 	2.217188 	-1.#IND00 	-1.#IND00 	
71.000000 	366.119995 	-1.088801 	96.283333 	1.625363 	2.375000 	-1.#IND00 	-1.#IND00 	
72.000000 	366.489990 	-1.079948 	96.179169 	1.612138 	2.252603 	-1.#IND00 	-1.#IND00 	
73.000000 	366.869995 	-1.157985 	96.073608 	1.660629 	2.260244 	-1.#IND00 	-1.#IND00 	
74.000000 	367.250000 	-1.081771 	96.245834 	1.740037 	2.384376 	-1.#IND00 	-1.#IND00 	
75.000000 	367.619995 	-1.125348 	96.247223 	1.703865 	2.276216 	-1.#IND00 	-1.#IND00 	
76.000000 	368.000000 	-1.036024 	96.218056 	1.771075 	2.384029 	-1.#IND00 	-1.#IND00 	
77.000000 	368.369995 	-1.013020 	96.383331 	1.722101 	2.404688 	-1.#IND00 	-1.#IND00 	
78.000000 	368.750000 	-0.939237 	96.461113 	1.761715 	2.438889 	-1.#IND00 	-1.#IND00 	
79.000000 	369.130005 	-0.988889 	96.726387 	1.766002 	2.471529 	-1.#IND00 	-1.#IND00 	
80.000000 	369.500000 	-1.018924 	96.986115 	1.743236 	2.488369 	-1.#IND00 	-1.#IND00 	
81.000000 	369.880005 	-0.858073 	96.554169 	1.765942 	2.476563 	-1.#IND00 	-1.#IND00 	
82.000000 	370.260010 	-0.871788 	96.319443 	1.783816 	2.537848 	-1.#IND00 	-1.#IND00 	
83.000000 	370.630005 	-1.023436 	96.599998 	1.683696 	2.432292 	-1.#IND00 	-1.#IND00 	
84.000000 	371.010010 	-0.853126 	96.550003 	1.773370 	2.531251 	-1.#IND00 	-1.#IND00 	
85.000000 	371.380005 	-0.766405 	96.324997 	1.876631 	2.626042 	-1.#IND00 	-1.#IND00 	
86.000000 	371.760010 	-0.770833 	96.445831 	1.961233 	2.642190 	-1.#IND00 	-1.#IND00 	
87.000000 	372.130005 	-0.827084 	96.483337 	1.886775 	2.596875 	-1.#IND00 	-1.#IND00 	
88.000000 	372.510010 	-0.969444 	96.531944 	1.837078 	2.577432 	-1.#IND00 	-1.#IND00 	
89.000000 	372.890015 	-0.888020 	96.458336 	1.840037 	2.592188 	-1.#IND00 	-1.#IND00 	
90.000000 	373.260010 	-0.860330 	96.711113 	1.889433 	2.534201 	-1.#IND00 	-1.#IND00 	
91.000000 	373.640015 	-0.715537 	96.756943 	1.995774 	2.626390 	-1.#IND00 	-1.#IND00 	
92.000000 	374.010010 	-0.619098 	96.534721 	2.089734 	2.723090 	-1.#IND00 	-1.#IND00 	
93.000000 	374.390015 	-0.711458 	97.670830 	2.080253 	2.732291 	-1.#IND00 	-1.#IND00 	
94.000000 	374.760010 	-0.728127 	97.937500 	1.994020 	2.713540 	-1.#IND00 	-1.#IND00 	
95.000000 	375.140015 	-0.818316 	97.284721 	1.928864 	2.546007 	-1.#IND00 	-1.#IND00 	
96.000000 	375.519989 	-0.747136 	96.754166 	1.996377 	2.606249 	-1.#IND00 	-1.#IND00 	
97.000000 	375.890015 	-0.684722 	96.847221 	2.008212 	2.675173 	-1.#IND00 	-1.#IND00 	
98.000000 	376.269989 	-0.602169 	96.713890 	2.017633 	2.710070 	-1.#IND00 	-1.#IND00 	
99.000000 	376.640015 	-0.612760 	96.666664 	2.042572 	2.657292 	-1.#IND00 	-1.#IND00 	
100.000000 	377.019989 	-0.645315 	96.625000 	2.034239 	2.746354 	-1.#IND00 	-1.#IND00 	
101.000000 	377.390015 	-0.634809 	96.677780 	1.993417 	2.725867 	-1.#IND00 	-1.#IND00 	
102.000000 	377.769989 	-0.624392 	96.661110 	2.010627 	2.793576 	-1.#IND00 	-1.#IND00 	
103.000000 	378.140015 	-0.657117 	96.793053 	1.965096 	2.746006 	-1.#IND00 	-1.#IND00 	
104.000000 	378.519989 	-0.513107 	96.713890 	2.113828 	2.794445 	-1.#IND00 	-1.#IND00 	
105.000000 	378.890015 	-0.679168 	97.304169 	2.064311 	2.802083 	-1.#IND00 	-1.#IND00 	
106.000000 	379.269989 	-0.589149 	97.343056 	2.097705 	2.739757 	-1.#IND00 	-1.#IND00 	
107.000000 	379.640015 	-0.390799 	97.186111 	2.254106 	2.895660 	-1.#IND00 	-1.#IND00 	
108.000000 	380.019989 	-0.317277 	97.405556 	2.293356 	2.953818 	-1.#IND00 	-1.#IND00 	
109.000000 	380.399994 	-0.364497 	97.327782 	2.298309 	2.909201 	-1.#IND00 	-1.#IND00 	
110.000000 	380.769989 	-0.281163 	97.006943 	2.255011 	2.920659 	-1.#IND00 	-1.#IND00 	
111.000000 	381.149994 	-0.448005 	98.384720 	2.283211 	2.971006 	-1.#IND00 	-1.#IND00 	
112.000000 	381.519989 	-0.497830 	99.511108 	2.255193 	2.906076 	-1.#IND00 	-1.#IND00 	
113.000000 	381.899994 	-0.298526 	98.318054 	2.281400 	2.882465 	-1.#IND00 	-1.#IND00 	
114.000000 	382.269989 	-0.205468 	97.337502 	2.256522 	2.897397 	-1.#IND00 	-1.#IND00 	
115.000000 	382.649994 	-0.185938 	99.037498 	2.549455 	3.163540 	-1.#IND00 	-1.#IND00 	
116.000000 	383.019989 	-0.090365 	98.208336 	2.506883 	2.955729 	-1.#IND00 	-1.#IND00 	
117.000000 	383.390015 	-0.117012 	97.513885 	2.405679 	3.076737 	-1.#IND00 	-1.#IND00 	
118.000000 	383.769989 	-0.098351 	97.144447 	2.384903 	3.056076 	-1.#IND00 	-1.#IND00 	
119.000000 	384.140015 	-0.128038 	97.256943 	2.301208 	3.046181 	-1.#IND00 	-1.#IND00 	
120.000000 	384.519989 	-0.187412 	98.119446 	2.401751 	3.127431 	-1.#IND00 	-1.#IND00 	
121.000000 	384.890015 	-0.027171 	97.601387 	2.393720 	3.118403 	-1.#IND00 	-1.#IND00 	
122.000000 	385.269989 	0.135677 	97.004166 	2.539311 	3.278125 	-2.929368 	-3.184747 	
123.000000 	385.640015 	0.121788 	96.943054 	2.663467 	3.316841 	-3.085101 	-3.304485 	
124.000000 	386.019989 	-0.029688 	97.250000 	2.511956 	3.168751 	-1.#IND00 	-1.#IND00 	
125.000000 	386.390015 	-0.139582 	97.645836 	2.465581 	3.148438 	-1.#IND00 	-1.#IND00 	
126.000000 	386.769989 	-0.068664 	97.444443 	2.438163 	3.097221 	-1.#IND00 	-1.#IND00 	
127.000000 	387.140015 	-0.034462 	97.280556 	2.529769 	3.128820 	-1.#IND00 	-1.#IND00 	
128.000000 	387.519989 	0.011806 	97.219444 	2.599578 	3.223785 	-5.394505 	-5.609712 	
129.000000 	387.890015 	0.029860 	97.451393 	2.494262 	3.190798 	-4.425226 	-4.671504 	
130.000000 	388.269989 	0.136285 	97.352776 	2.509723 	3.225869 	-2.913183 	-3.164213 	
131.000000 	388.640015 	0.160071 	97.380554 	2.535207 	3.339238 	-2.762414 	-3.037881 	
132.000000 	389.010010 	0.250002 	97.375000 	2.608153 	3.458855 	-2.344928 	-2.627223 	
133.000000 	389.390015 	0.330381 	97.330559 	2.735748 	3.493403 	-2.113912 	-2.358384 	
134.000000 	389.760010 	0.282900 	97.194443 	2.653382 	3.478473 	-2.238495 	-2.509254 	
135.000000 	390.140015 	0.391060 	97.047218 	2.729952 	3.599133 	-1.943179 	-2.219588 	
136.000000 	390.510010 	0.448872 	96.984718 	2.842452 	3.597571 	-1.845686 	-2.081277 	
137.000000 	390.890015 	0.376476 	97.130554 	2.839010 	3.464758 	-2.020357 	-2.219544 	
138.000000 	391.260010 	0.266407 	97.400002 	2.736413 	3.442187 	-2.329377 	-2.558836 	
139.000000 	391.630005 	0.426736 	97.313889 	2.783394 	3.480903 	-1.875260 	-2.098881 	
140.000000 	392.010010 	0.606163 	97.280556 	2.951509 	3.703820 	-1.582923 	-1.809971 	
141.000000 	392.380005 	0.710243 	97.094444 	3.160446 	3.907117 	-1.492861 	-1.704948 	
142.000000 	392.760010 	0.741752 	97.090279 	3.095048 	3.812326 	-1.428544 	-1.636980 	
143.000000 	393.130005 	0.683248 	97.109718 	3.014192 	3.749132 	-1.484230 	-1.702422 	
144.000000 	393.500000 	0.709462 	97.106941 	3.025664 	3.730035 	-1.450379 	-1.659666 	
145.000000 	393.880005 	0.847743 	97.281944 	3.157185 	3.925869 	-1.314859 	-1.532765 	
146.000000 	394.250000 	0.825174 	97.851387 	3.225785 	4.005903 	-1.363338 	-1.579931 	
147.000000 	394.630005 	0.839062 	97.662498 	3.222826 	3.975001 	-1.345729 	-1.555495 	
148.000000 	395.000000 	0.823525 	97.531944 	3.207186 	4.008681 	-1.359555 	-1.582623 	
149.000000 	395.369995 	0.957726 	97.318054 	3.212924 	3.985070 	-1.210375 	-1.425749 	
150.000000 	395.750000 	0.928820 	97.230553 	3.181400 	4.001214 	-1.231162 	-1.460438 	
151.000000 	396.119995 	0.988108 	97.448608 	3.172041 	4.010764 	-1.166339 	-1.400946 	
152.000000 	396.489990 	1.065104 	97.608330 	3.269927 	4.157292 	-1.121695 	-1.361791 	
153.000000 	396.869995 	1.069618 	97.869446 	3.341425 	4.167014 	-1.139096 	-1.359898 	
154.000000 	397.239990 	1.102865 	98.016670 	3.326268 	4.206250 	-1.103940 	-1.338660 	
155.000000 	397.619995 	1.144444 	98.030556 	3.374334 	4.218924 	-1.081280 	-1.304661 	
156.000000 	397.989990 	1.347569 	98.580559 	3.645532 	4.386632 	-0.995200 	-1.180259 	
157.000000 	398.359985 	1.282292 	97.995834 	3.471558 	4.247396 	-0.995955 	-1.197657 	
158.000000 	398.739990 	1.481077 	97.698608 	3.623127 	4.373785 	-0.894568 	-1.082860 	
159.000000 	399.109985 	1.538195 	97.455551 	3.633033 	4.466321 	-0.859458 	-1.065955 	
160.000000 	399.480011 	1.690364 	97.229164 	3.696920 	4.534376 	-0.782556 	-0.986743 	
161.000000 	399.859985 	1.742796 	97.236115 	3.663346 	4.601389 	-0.742886 	-0.970868 	
162.000000 	400.230011 	1.932638 	97.298615 	3.934541 	4.843055 	-0.710908 	-0.918660 	
163.000000 	400.600006 	1.901388 	97.261108 	3.874214 	4.795138 	-0.711759 	-0.925018 	
164.000000 	400.980011 	1.841927 	97.329170 	3.693116 	4.674479 	-0.695659 	-0.931306 	
165.000000 	401.350006 	2.026909 	97.152779 	3.943417 	4.895659 	-0.665536 	-0.881837 	
166.000000 	401.720001 	2.205382 	97.393059 	4.014009 	5.090278 	-0.598890 	-0.836432 	
167.000000 	402.100006 	2.280209 	97.616669 	4.177899 	5.084897 	-0.605542 	-0.802008 	
168.000000 	402.470001 	2.301215 	98.322220 	4.146800 	5.153819 	-0.588900 	-0.806301 	
169.000000 	402.839996 	2.379253 	97.790276 	4.188526 	5.208680 	-0.565562 	-0.783540 	
170.000000 	403.209991 	2.584983 	97.548607 	4.425302 	5.428994 	-0.537620 	-0.742035 	
171.000000 	403.589996 	2.688802 	97.416664 	4.460508 	5.550000 	-0.506167 	-0.724702 	
172.000000 	403.959991 	2.819099 	97.215279 	4.565157 	5.681078 	-0.482036 	-0.700724 	
173.000000 	404.329987 	3.120225 	97.405556 	4.772705 	5.893924 	-0.425008 	-0.636017 	
174.000000 	404.709991 	3.197743 	97.419449 	4.736532 	5.820137 	-0.392860 	-0.598879 	
175.000000 	405.079987 	3.339234 	97.376389 	4.796434 	5.959547 	-0.362131 	-0.579253 	
176.000000 	405.450012 	3.508768 	97.563889 	4.923068 	6.207986 	-0.338667 	-0.570572 	
177.000000 	405.829987 	3.873785 	97.827774 	5.228201 	6.524306 	-0.299835 	-0.521302 	
178.000000 	406.200012 	3.934028 	97.759720 	5.194082 	6.503299 	-0.277856 	-0.502646 	
179.000000 	406.570007 	4.052256 	97.505554 	5.239009 	6.592882 	-0.256859 	-0.486717 	
180.000000 	406.940002 	4.446614 	97.354164 	5.517028 	6.998437 	-0.215696 	-0.453544 	
181.000000 	407.320007 	4.847134 	98.770836 	5.908514 	7.419791 	-0.198007 	-0.425763 	
182.000000 	407.690002 	4.910937 	98.812500 	5.961414 	7.392709 	-0.193843 	-0.409029 	
183.000000 	408.059998 	5.145313 	97.912498 	6.078805 	7.548438 	-0.166722 	-0.383254 	
184.000000 	408.429993 	5.533331 	97.429169 	6.303441 	7.941144 	-0.130306 	-0.361267 	
185.000000 	408.809998 	5.873003 	97.790276 	6.627657 	8.224305 	-0.120885 	-0.336728 	
186.000000 	409.179993 	6.199739 	97.666664 	6.733876 	8.505207 	-0.082644 	-0.316171 	
187.000000 	409.549988 	6.614064 	97.424995 	7.023371 	9.005210 	-0.060045 	-0.308605 	
188.000000 	409.920013 	7.190279 	97.447220 	7.454411 	9.534549 	-0.036076 	-0.282192 	
189.000000 	410.299988 	7.744877 	97.365280 	7.670046 	9.978471 	0.009709 	-0.253398 	
190.000000 	410.670013 	8.118229 	97.608337 	8.017753 	10.338541 	0.012454 	-0.241767 	
191.000000 	411.040009 	8.754688 	97.449997 	8.300544 	10.816147 	0.053268 	-0.211451 	
192.000000 	411.410004 	9.153037 	97.393059 	8.572704 	11.210590 	0.065503 	-0.202773 	
193.000000 	411.790009 	9.843056 	97.181946 	9.083273 	11.786806 	0.080332 	-0.180214 	
194.000000 	412.160004 	10.564322 	97.183334 	9.626990 	12.471353 	0.092912 	-0.165952 	
195.000000 	412.529999 	11.425956 	97.538887 	10.149155 	13.288195 	0.118497 	-0.150988 	
196.000000 	412.899994 	11.966146 	97.791664 	10.529530 	13.713542 	0.127898 	-0.136302 	
197.000000 	413.279999 	12.760763 	97.748611 	10.929107 	14.271181 	0.154945 	-0.111867 	
198.000000 	413.649994 	13.804774 	98.394447 	11.648491 	15.332640 	0.169838 	-0.104969 	
199.000000 	414.019989 	14.493663 	98.193054 	11.891183 	15.848610 	0.197914 	-0.089370 	
200.000000 	414.390015 	15.648870 	98.384720 	12.682669 	16.924652 	0.210162 	-0.078373 	
201.000000 	414.760010 	16.852083 	98.166664 	13.358333 	17.966667 	0.232334 	-0.064044 	
202.000000 	415.140015 	17.885675 	97.691666 	13.939856 	18.868750 	0.249248 	-0.053507 	
203.000000 	415.510010 	19.321007 	97.330559 	14.866184 	20.174654 	0.262104 	-0.043234 	
204.000000 	415.880005 	20.592274 	97.294441 	15.618598 	21.358681 	0.276453 	-0.036542 	
205.000000 	416.250000 	22.262934 	97.484726 	16.763647 	22.864756 	0.283710 	-0.026674 	
206.000000 	416.619995 	23.767708 	97.566666 	17.654530 	24.301563 	0.297335 	-0.022213 	
207.000000 	417.000000 	25.145052 	97.391670 	18.558332 	25.395832 	0.303742 	-0.009924 	
208.000000 	417.369995 	27.144703 	97.213890 	19.847525 	27.161110 	0.313103 	-0.000604 	
209.000000 	417.739990 	29.307465 	97.597221 	21.072886 	29.108507 	0.329855 	0.006812 	
210.000000 	418.109985 	31.078213 	97.406944 	22.233273 	30.675346 	0.334917 	0.013048 	
211.000000 	418.480011 	33.763542 	97.558334 	23.885687 	33.046356 	0.346102 	0.021470 	
212.000000 	418.850006 	35.877258 	97.305557 	25.149879 	34.913715 	0.355251 	0.027224 	
213.000000 	419.230011 	38.993053 	97.256943 	27.145773 	37.845661 	0.362162 	0.029867 	
214.000000 	419.600006 	41.836544 	97.598610 	28.800846 	40.343056 	0.373365 	0.036351 	
215.000000 	419.970001 	43.679081 	97.351387 	29.902960 	41.973610 	0.378912 	0.039828 	
216.000000 	420.339996 	48.468578 	97.386108 	32.603020 	46.295662 	0.396511 	0.045867 	
217.000000 	420.709991 	51.986980 	97.520836 	35.000908 	49.485416 	0.395619 	0.049315 	
218.000000 	421.079987 	53.621788 	97.580559 	36.207489 	51.064758 	0.392689 	0.048861 	
219.000000 	421.450012 	58.931942 	98.855553 	39.319443 	55.750694 	0.404664 	0.055493 	
220.000000 	421.829987 	62.134808 	98.509720 	40.940819 	58.335590 	0.417179 	0.063094 	
221.000000 	422.200012 	66.608070 	98.233330 	43.644928 	62.426041 	0.422739 	0.064843 	
222.000000 	422.570007 	71.095573 	98.433334 	46.640579 	66.439064 	0.421554 	0.067740 	
223.000000 	422.940002 	77.148438 	97.824997 	50.100544 	71.738022 	0.431699 	0.072711 	
224.000000 	423.309998 	81.912064 	97.402779 	53.215698 	76.103996 	0.431293 	0.073545 	
225.000000 	423.679993 	85.046700 	97.873611 	55.036713 	79.057121 	0.435200 	0.073030 	
226.000000 	424.049988 	95.569267 	98.116669 	61.212681 	88.220314 	0.445497 	0.080014 	
227.000000 	424.420013 	99.120918 	97.536110 	63.320412 	91.212326 	0.448133 	0.083150 	
228.000000 	424.799988 	106.644272 	98.066666 	68.312683 	98.346878 	0.445404 	0.080998 	
229.000000 	425.170013 	114.185593 	97.747223 	72.185387 	104.785591 	0.458587 	0.085908 	
230.000000 	425.540009 	119.574478 	97.720833 	75.645470 	109.695313 	0.457882 	0.086233 	
231.000000 	425.910004 	127.828468 	98.615280 	81.125481 	117.328995 	0.454692 	0.085708 	
232.000000 	426.279999 	133.219101 	98.052780 	83.789612 	122.017014 	0.463686 	0.087834 	
233.000000 	426.649994 	140.039841 	97.449997 	88.228264 	128.195313 	0.461999 	0.088372 	
234.000000 	427.019989 	148.894272 	97.229164 	93.344200 	136.064056 	0.466943 	0.090110 	
235.000000 	427.390015 	160.599136 	97.943054 	100.969444 	146.241318 	0.464093 	0.093653 	
236.000000 	427.760010 	168.689941 	97.569443 	105.531639 	153.502960 	0.469051 	0.094342 	
237.000000 	428.130005 	177.917801 	97.261108 	111.206284 	161.958160 	0.469935 	0.093984 	
238.000000 	428.510010 	186.309036 	97.197220 	115.807671 	169.388718 	0.475476 	0.095211 	
239.000000 	428.880005 	191.832550 	97.216667 	119.121376 	174.210419 	0.476480 	0.096359 	
240.000000 	429.250000 	207.747665 	97.150002 	128.691849 	188.328644 	0.478903 	0.098135 	
241.000000 	429.619995 	223.256775 	97.129166 	138.009415 	201.937500 	0.481000 	0.100364 	
242.000000 	429.989990 	230.094360 	97.548615 	142.168243 	208.092010 	0.481478 	0.100509 	
243.000000 	430.359985 	241.362671 	97.401390 	148.595352 	218.302261 	0.485074 	0.100420 	
244.000000 	430.730011 	252.759109 	97.366669 	155.422470 	228.318222 	0.486290 	0.101696 	
245.000000 	431.100006 	261.451141 	97.352776 	160.778748 	236.829514 	0.486218 	0.098907 	
246.000000 	431.470001 	278.836975 	97.283333 	171.335693 	252.166138 	0.487002 	0.100539 	
247.000000 	431.839996 	288.826752 	97.213890 	177.282303 	260.842346 	0.488083 	0.101911 	
248.000000 	432.209991 	307.387421 	97.093056 	188.687927 	278.107452 	0.488014 	0.100101 	
249.000000 	432.579987 	319.286713 	97.300003 	196.361420 	288.828125 	0.486133 	0.100258 	
250.000000 	432.950012 	331.805298 	97.148613 	203.935074 	299.744629 	0.486747 	0.101617 	
251.000000 	433.320007 	350.446686 	97.523613 	215.598129 	316.713898 	0.485793 	0.101210 	
252.000000 	433.690002 	362.334717 	97.677780 	222.859177 	327.236298 	0.486029 	0.101886 	
253.000000 	434.059998 	380.040619 	98.049995 	234.236954 	343.173431 	0.483945 	0.102042 	
254.000000 	434.429993 	397.484985 	98.111115 	245.155197 	359.172211 	0.483265 	0.101355 	
255.000000 	434.799988 	414.473602 	97.563889 	255.467087 	373.591309 	0.483916 	0.103847 	
256.000000 	435.170013 	430.316040 	97.459724 	265.765839 	388.275177 	0.481904 	0.102806 	
257.000000 	435.540009 	444.871704 	97.461113 	275.113892 	401.371185 	0.480601 	0.102899 	
258.000000 	435.910004 	477.647308 	97.222221 	295.267456 	430.852264 	0.480991 	0.103107 	
259.000000 	436.279999 	486.836731 	97.400002 	300.677704 	438.641144 	0.481890 	0.104247 	
260.000000 	436.649994 	519.848877 	97.297218 	320.759308 	468.334534 	0.482847 	0.104355 	
261.000000 	437.019989 	555.758789 	97.176392 	342.542633 	500.226196 	0.483938 	0.105274 	
262.000000 	437.390015 	552.879883 	97.351387 	341.475250 	498.143402 	0.481865 	0.104253 	
263.000000 	437.760010 	596.579712 	97.275002 	367.926636 	537.084900 	0.483329 	0.105057 	
264.000000 	438.130005 	597.240479 	97.511108 	368.691071 	537.397217 	0.482360 	0.105582 	
265.000000 	438.500000 	638.836365 	97.522224 	393.554413 	574.502747 	0.484429 	0.106143 	
266.000000 	438.869995 	660.943115 	97.476387 	407.345886 	594.626709 	0.484005 	0.105734 	
267.000000 	439.239990 	666.823364 	97.555557 	411.427063 	599.876221 	0.482893 	0.105802 	
268.000000 	439.609985 	696.893555 	97.311111 	429.691589 	626.572754 	0.483565 	0.106368 	
269.000000 	439.980011 	725.606873 	97.323608 	447.817688 	652.150330 	0.482622 	0.106733 	
270.000000 	440.350006 	791.300171 	97.701385 	487.563812 	711.242371 	0.484256 	0.106664 	
271.000000 	440.720001 	785.056885 	97.548615 	484.554657 	705.500366 	0.482526 	0.106849 	
272.000000 	441.089996 	804.878479 	97.340279 	497.348846 	723.074829 	0.481400 	0.107179 	
273.000000 	441.459991 	830.881409 	97.238892 	513.491028 	746.778320 	0.481255 	0.106719 	
274.000000 	441.829987 	866.015076 	97.045837 	535.122620 	778.167175 	0.481406 	0.106961 	
275.000000 	442.200012 	894.559204 	96.973610 	553.325317 	803.255554 	0.480385 	0.107658 	
276.000000 	442.570007 	933.759216 	96.986115 	578.197571 	838.193054 	0.479303 	0.107970 	
277.000000 	442.940002 	969.699036 	97.161110 	601.184570 	871.265991 	0.478084 	0.107038 	
278.000000 	443.309998 	1009.195862 	97.266670 	626.061584 	906.553101 	0.477460 	0.107260 	
279.000000 	443.679993 	1032.557007 	97.637505 	641.600525 	928.456238 	0.475828 	0.106270 	
280.000000 	444.049988 	1061.000854 	97.556946 	659.943604 	953.512329 	0.474813 	0.106816 	
281.000000 	444.410004 	1104.958252 	97.147224 	688.058228 	993.194946 	0.473689 	0.106636 	
282.000000 	444.779999 	1146.080933 	97.254166 	714.415955 	1030.004639 	0.472638 	0.106785 	
283.000000 	445.149994 	1127.163940 	97.793053 	704.185730 	1012.598083 	0.470418 	0.107185 	
284.000000 	445.519989 	1166.586060 	97.706947 	728.971863 	1047.630615 	0.470201 	0.107551 	
285.000000 	445.890015 	1226.389771 	98.380554 	768.046082 	1101.904297 	0.467980 	0.107035 	
286.000000 	446.260010 	1266.554565 	97.693054 	793.484131 	1137.903320 	0.467622 	0.107113 	
287.000000 	446.630005 	1288.631348 	97.144447 	809.233826 	1157.090454 	0.465248 	0.107672 	
288.000000 	447.000000 	1330.669800 	98.733330 	837.183533 	1195.297974 	0.463394 	0.107287 	
289.000000 	447.369995 	1367.081665 	98.059723 	860.888123 	1227.813721 	0.462469 	0.107443 	
290.000000 	447.739990 	1377.794922 	97.277779 	869.786377 	1238.138916 	0.459992 	0.106875 	
291.000000 	448.109985 	1426.760742 	97.286110 	902.175842 	1282.512329 	0.458353 	0.106586 	
292.000000 	448.470001 	1471.707764 	98.550003 	933.888062 	1322.941650 	0.454823 	0.106566 	
293.000000 	448.839996 	1466.640747 	98.144447 	931.228943 	1318.337891 	0.454225 	0.106603 	
294.000000 	449.209991 	1542.145264 	98.568054 	981.868896 	1386.173096 	0.451472 	0.106628 	
295.000000 	449.579987 	1567.135010 	98.255554 	999.954224 	1408.655396 	0.449295 	0.106613 	
296.000000 	449.950012 	1591.281494 	97.583336 	1017.270447 	1430.101563 	0.447417 	0.106794 	
297.000000 	450.320007 	1623.169312 	97.373611 	1039.419922 	1458.810791 	0.445718 	0.106759 	
298.000000 	450.690002 	1619.408691 	97.806946 	1038.968018 	1455.268555 	0.443833 	0.106871 	
299.000000 	451.059998 	1691.769653 	97.788887 	1089.215942 	1520.978271 	0.440317 	0.106421 	
300.000000 	451.420013 	1723.149658 	97.159721 	1111.895752 	1549.120483 	0.438087 	0.106466 	
301.000000 	451.790009 	1744.350830 	97.144440 	1128.555054 	1568.083618 	0.435444 	0.106528 	
302.000000 	452.160004 	1761.711426 	97.184723 	1142.465332 	1583.921021 	0.433097 	0.106382 	
303.000000 	452.529999 	1806.015991 	97.027779 	1174.092896 	1623.354980 	0.430627 	0.106628 	
304.000000 	452.899994 	1830.207520 	96.916664 	1192.334473 	1644.818726 	0.428516 	0.106799 	
305.000000 	453.269989 	1867.568481 	96.816666 	1220.628418 	1679.266113 	0.425272 	0.106280 	
306.000000 	453.630005 	1904.879395 	96.884720 	1248.127808 	1712.464722 	0.422774 	0.106485 	
307.000000 	454.000000 	1906.009033 	97.122223 	1251.201172 	1712.954834 	0.420907 	0.106791 	
308.000000 	454.369995 	1955.752686 	97.059723 	1288.008789 	1758.057007 	0.417677 	0.106566 	
309.000000 	454.739990 	1956.521362 	96.933334 	1291.239990 	1758.594849 	0.415565 	0.106653 	
310.000000 	455.109985 	1971.761597 	97.111115 	1304.737793 	1771.609741 	0.412925 	0.107039 	
311.000000 	455.480011 	2041.544312 	97.073616 	1354.658447 	1834.278931 	0.410157 	0.107055 	
312.000000 	455.839996 	2064.267090 	97.193054 	1374.185791 	1855.376709 	0.406914 	0.106688 	
313.000000 	456.209991 	2080.262451 	97.023613 	1388.681885 	1869.588379 	0.404139 	0.106776 	
314.000000 	456.579987 	2050.883057 	97.077774 	1371.253174 	1842.374268 	0.402545 	0.107215 	
315.000000 	456.950012 	2165.630615 	97.031944 	1454.175659 	1945.874878 	0.398272 	0.107000 	
316.000000 	457.320007 	2140.473389 	97.368057 	1439.508057 	1922.852295 	0.396726 	0.107217 	
317.000000 	457.679993 	2132.389404 	97.402779 	1437.768921 	1915.658203 	0.394151 	0.107182 	
318.000000 	458.049988 	2194.397949 	97.345833 	1484.385132 	1970.995850 	0.390907 	0.107369 	
319.000000 	458.420013 	2207.696777 	98.943054 	1498.356934 	1983.146606 	0.387581 	0.107265 	
320.000000 	458.790009 	2206.057617 	98.255554 	1499.621582 	1981.185059 	0.385994 	0.107512 	
321.000000 	459.160004 	2272.850586 	97.504166 	1549.277832 	2040.692749 	0.383246 	0.107746 	
322.000000 	459.519989 	2255.768066 	97.056946 	1541.033325 	2024.483643 	0.381037 	0.108176 	
323.000000 	459.890015 	2343.090332 	97.079163 	1606.574585 	2102.626465 	0.377366 	0.108284 	
324.000000 	460.260010 	2328.487061 	98.002777 	1601.265137 	2090.163330 	0.374425 	0.107976 	
325.000000 	460.630005 	2351.368408 	97.665276 	1619.929321 	2109.014404 	0.372615 	0.108777 	
326.000000 	460.989990 	2398.863037 	97.529167 	1658.302368 	2151.391602 	0.369200 	0.108880 	
327.000000 	461.359985 	2381.861328 	97.459724 	1650.189697 	2135.335693 	0.366992 	0.109259 	
328.000000 	461.730011 	2408.748291 	97.293053 	1673.380371 	2159.170898 	0.364261 	0.109383 	
329.000000 	462.100006 	2437.748779 	98.483330 	1699.253052 	2184.613037 	0.360886 	0.109636 	
330.000000 	462.459991 	2409.480957 	97.779167 	1681.915894 	2157.706787 	0.359478 	0.110365 	
331.000000 	462.829987 	2466.086426 	97.091667 	1727.500732 	2209.466797 	0.355957 	0.109881 	
332.000000 	463.200012 	2456.781250 	96.887497 	1725.434204 	2200.634277 	0.353373 	0.110106 	
333.000000 	463.570007 	2462.994385 	96.812500 	1733.696777 	2204.802490 	0.351122 	0.110740 	
334.000000 	463.929993 	2519.288818 	96.822220 	1779.723999 	2254.391357 	0.347518 	0.111096 	
335.000000 	464.299988 	2530.977539 	96.695831 	1793.253052 	2264.703125 	0.344574 	0.111162 	
336.000000 	464.670013 	2536.252930 	96.936111 	1801.768188 	2269.191895 	0.341919 	0.111264 	
337.000000 	465.040009 	2576.898682 	96.888885 	1836.056152 	2305.051270 	0.338967 	0.111484 	
338.000000 	465.399994 	2538.945557 	97.070831 	1813.418823 	2270.859375 	0.336535 	0.111590 	
339.000000 	465.769989 	2595.059814 	97.097221 	1859.668579 	2319.760986 	0.333211 	0.112145 	
340.000000 	466.140015 	2568.532227 	97.126389 	1843.601318 	2294.182373 	0.331614 	0.112958 	
341.000000 	466.510010 	2571.725586 	96.873611 	1852.450317 	2297.241455 	0.328068 	0.112868 	
342.000000 	466.869995 	2574.004639 	96.675003 	1859.144531 	2298.798828 	0.325346 	0.113076 	
343.000000 	467.239990 	2643.250732 	96.611115 	1915.276367 	2360.096680 	0.322147 	0.113307 	
344.000000 	467.609985 	2620.022461 	97.091667 	1902.535522 	2337.723877 	0.319995 	0.114005 	
345.000000 	467.970001 	2610.040283 	96.966667 	1900.407837 	2327.585449 	0.317297 	0.114534 	
346.000000 	468.339996 	2670.098877 	96.666664 	1950.072510 	2379.707764 	0.314249 	0.115138 	
347.000000 	468.709991 	2646.367920 	96.943054 	1938.128174 	2358.875244 	0.311465 	0.115003 	
348.000000 	469.070007 	2668.328125 	97.025002 	1959.353271 	2375.960938 	0.308837 	0.116050 	
349.000000 	469.440002 	2673.888672 	96.747223 	1969.108154 	2381.379883 	0.305953 	0.115854 	
350.000000 	469.809998 	2637.223633 	96.845833 	1947.010132 	2346.539063 	0.303432 	0.116785 	
351.000000 	470.170013 	2653.757813 	96.731941 	1964.350098 	2359.629639 	0.300815 	0.117472 	
352.000000 	470.540009 	2721.555176 	96.698608 	2021.129150 	2420.635742 	0.297547 	0.117173 	
353.000000 	470.910004 	2686.599609 	132.184723 	2003.534302 	2379.247559 	0.293363 	0.121492 	
354.000000 	471.269989 	2714.844482 	108.398613 	2024.986694 	2411.243652 	0.293171 	0.118592 	
355.000000 	471.640015 	2660.867432 	100.551392 	1991.519775 	2362.585205 	0.289754 	0.118896 	
356.000000 	472.010010 	2736.970947 	98.880554 	2055.392822 	2429.224609 	0.286385 	0.119280 	
357.000000 	472.369995 	2698.264648 	97.566666 	2030.289307 	2392.394775 	0.284431 	0.120314 	
358.000000 	472.739990 	2650.293945 	96.806946 	2000.161011 	2348.918701 	0.281443 	0.120716 	
359.000000 	473.109985 	2605.975098 	96.613892 	1971.701904 	2308.791748 	0.278910 	0.121083 	
360.000000 	473.470001 	2664.122070 	96.606941 	2021.008789 	2358.283691 	0.276278 	0.121941 	
361.000000 	473.839996 	2651.055908 	96.584724 	2016.276611 	2345.577881 	0.273705 	0.122426 	
362.000000 	474.209991 	2587.329590 	96.536110 	1972.791626 	2287.210693 	0.271177 	0.123293 	
363.000000 	474.570007 	2675.474121 	96.936111 	2045.756226 	2363.108154 	0.268359 	0.124149 	
364.000000 	474.940002 	2631.456055 	97.068054 	2017.139526 	2322.889160 	0.265857 	0.124726 	
365.000000 	475.299988 	2606.781250 	99.925003 	2003.385254 	2299.490723 	0.263278 	0.125429 	
366.000000 	475.670013 	2601.829590 	98.586113 	2004.037720 	2294.394531 	0.261051 	0.125746 	
367.000000 	476.040009 	2570.640381 	97.234726 	1984.701172 	2264.172607 	0.258687 	0.126945 	
368.000000 	476.399994 	2548.895996 	96.818054 	1972.405273 	2242.654785 	0.256407 	0.128000 	
369.000000 	476.769989 	2516.116211 	96.855553 	1953.061890 	2213.681396 	0.253318 	0.128060 	
370.000000 	477.140015 	2538.304443 	97.111107 	1975.959595 	2230.688477 	0.250442 	0.129186 	
371.000000 	477.500000 	2517.877441 	96.987503 	1964.079346 	2210.873047 	0.248393 	0.130029 	
372.000000 	477.869995 	2476.860352 	96.956947 	1937.577271 	2174.417480 	0.245553 	0.130231 	
373.000000 	478.230011 	2453.563232 	96.849998 	1923.798340 	2151.075439 	0.243239 	0.131573 	
374.000000 	478.600006 	2422.769775 	96.808334 	1905.274780 	2123.597900 	0.240285 	0.131800 	
375.000000 	478.970001 	2408.549805 	96.605553 	1898.885742 	2108.619873 	0.237757 	0.132991 	
376.000000 	479.329987 	2370.330078 	96.552780 	1873.021729 	2073.791016 	0.235476 	0.133651 	
377.000000 	479.700012 	2363.869141 	96.740280 	1871.704834 	2065.375488 	0.233450 	0.134988 	
378.000000 	480.059998 	2327.454590 	96.893059 	1847.861328 	2031.887207 	0.230746 	0.135810 	
379.000000 	480.429993 	2305.962891 	96.902779 	1835.370605 	2011.129028 	0.228252 	0.136802 	
380.000000 	480.790009 	2265.880371 	97.025002 	1807.442871 	1974.151123 	0.226050 	0.137825 	
381.000000 	481.160004 	2247.260010 	96.805557 	1796.862915 	1955.687622 	0.223669 	0.138970 	
382.000000 	481.529999 	2230.263428 	96.883331 	1787.644897 	1939.060913 	0.221221 	0.139916 	
383.000000 	481.890015 	2181.997803 	96.676392 	1752.718140 	1895.454346 	0.219073 	0.140782 	
384.000000 	482.260010 	2143.601563 	96.556946 	1725.390869 	1859.645630 	0.217034 	0.142102 	
385.000000 	482.619995 	2128.711914 	96.545830 	1717.784546 	1845.343750 	0.214482 	0.142851 	
386.000000 	482.989990 	2107.932129 	96.551392 	1705.785522 	1825.768433 	0.211682 	0.143707 	
387.000000 	483.350006 	2074.148926 	96.697220 	1682.389771 	1794.736084 	0.209336 	0.144693 	
388.000000 	483.720001 	2060.190186 	96.609718 	1673.901733 	1779.980957 	0.207641 	0.146196 	
389.000000 	484.079987 	2015.359131 	96.711113 	1641.630127 	1739.884155 	0.205107 	0.146979 	
390.000000 	484.450012 	1989.805176 	97.154167 	1623.428467 	1715.138062 	0.203496 	0.148543 	
391.000000 	484.809998 	1956.140381 	97.129166 	1599.154541 	1683.586426 	0.201499 	0.150047 	
392.000000 	485.179993 	1936.582764 	99.243057 	1587.276001 	1665.250732 	0.198905 	0.150949 	
393.000000 	485.549988 	1917.515137 	98.420830 	1574.182373 	1645.973389 	0.197294 	0.152698 	
394.000000 	485.910004 	1874.017334 	97.219444 	1541.729980 	1606.753418 	0.195179 	0.153869 	
395.000000 	486.279999 	1864.147827 	96.938889 	1537.680176 	1596.250732 	0.192529 	0.155146 	
396.000000 	486.640015 	1840.159058 	96.929169 	1521.593140 	1574.798950 	0.190094 	0.155725 	
397.000000 	487.010010 	1789.254272 	96.952774 	1481.158081 	1528.104004 	0.188975 	0.157772 	
398.000000 	487.369995 	1785.418335 	96.690277 	1481.720581 	1522.642578 	0.186449 	0.159205 	
399.000000 	487.739990 	1744.456909 	96.698608 	1449.926880 	1485.404053 	0.184930 	0.160757 	
400.000000 	488.100006 	1729.759277 	96.818054 	1442.175415 	1471.560547 	0.181829 	0.161659 	
401.000000 	488.470001 	1696.571899 	96.894447 	1417.496338 	1442.255005 	0.179718 	0.162402 	
402.000000 	488.829987 	1680.630859 	96.997223 	1406.871216 	1426.361084 	0.177801 	0.164043 	
403.000000 	489.200012 	1655.757690 	96.780556 	1388.198730 	1402.332520 	0.176252 	0.166122 	
404.000000 	489.559998 	1627.125000 	96.587502 	1365.959229 	1376.059937 	0.174958 	0.167590 	
405.000000 	489.920013 	1600.706299 	96.531944 	1347.269165 	1351.981567 	0.172365 	0.168873 	
406.000000 	490.290009 	1590.136475 	96.536110 	1341.281250 	1340.919067 	0.170195 	0.170465 	
407.000000 	490.649994 	1555.466797 	96.715279 	1314.521118 	1309.761230 	0.168303 	0.171931 	
408.000000 	491.019989 	1537.526855 	96.602776 	1301.156494 	1292.236816 	0.166922 	0.173801 	
409.000000 	491.380005 	1513.782471 	96.572220 	1284.418579 	1271.378784 	0.164305 	0.174510 	
410.000000 	491.750000 	1501.178345 	96.958336 	1276.327515 	1258.630249 	0.162264 	0.176227 	
411.000000 	492.109985 	1476.979980 	96.965279 	1258.333130 	1236.212891 	0.160212 	0.177947 	
412.000000 	492.480011 	1454.480591 	96.806946 	1241.463745 	1215.536743 	0.158358 	0.179463 	
413.000000 	492.839996 	1430.409058 	96.597221 	1222.763062 	1193.535034 	0.156847 	0.181041 	
414.000000 	493.209991 	1427.647339 	96.659721 	1223.509277 	1190.062622 	0.154305 	0.182022 	
415.000000 	493.570007 	1399.700928 	97.538887 	1201.118774 	1164.059570 	0.153005 	0.184345 	
416.000000 	493.929993 	1384.339966 	97.138885 	1190.864868 	1150.178833 	0.150544 	0.185306 	
417.000000 	494.299988 	1367.728271 	96.826385 	1178.503540 	1133.941895 	0.148906 	0.187451 	
418.000000 	494.660004 	1346.440063 	96.551392 	1162.922485 	1114.652832 	0.146528 	0.188921 	
419.000000 	495.029999 	1328.901001 	96.445831 	1149.188354 	1097.692749 	0.145297 	0.191142 	
420.000000 	495.390015 	1318.037964 	96.547226 	1141.425049 	1087.110596 	0.143867 	0.192621 	
421.000000 	495.760010 	1298.617920 	96.437500 	1126.800049 	1069.392700 	0.141919 	0.194210 	
422.000000 	496.119995 	1288.569214 	96.447220 	1120.075073 	1059.267334 	0.140137 	0.195955 	
423.000000 	496.480011 	1273.646362 	98.070831 	1109.437866 	1045.696411 	0.138031 	0.197201 	
424.000000 	496.850006 	1254.352905 	97.466667 	1093.676758 	1027.733887 	0.137074 	0.199264 	
425.000000 	497.209991 	1241.197998 	96.740280 	1084.795044 	1016.141968 	0.134686 	0.200064 	
426.000000 	497.579987 	1225.402832 	96.429169 	1072.140991 	1000.651062 	0.133612 	0.202619 	
427.000000 	497.940002 	1214.260986 	96.324997 	1064.783691 	989.848938 	0.131364 	0.204339 	
428.000000 	498.299988 	1199.432617 	96.323608 	1053.700806 	976.134705 	0.129540 	0.206003 	
429.000000 	498.670013 	1186.825562 	96.791664 	1044.548584 	963.963013 	0.127697 	0.207984 	
430.000000 	499.029999 	1184.245483 	96.888885 	1043.302368 	959.929871 	0.126715 	0.210001 	
431.000000 	499.399994 	1163.955444 	97.093056 	1027.407471 	941.970520 	0.124785 	0.211606 	
432.000000 	499.760010 	1157.417236 	96.687500 	1023.011414 	934.597900 	0.123441 	0.213830 	
433.000000 	500.119995 	1145.323730 	96.615280 	1013.273865 	923.277954 	0.122501 	0.215512 	
434.000000 	500.489990 	1134.836792 	96.431946 	1006.295776 	913.407654 	0.120213 	0.217062 	
435.000000 	500.850006 	1132.873047 	96.509720 	1005.429443 	909.792908 	0.119342 	0.219295 	
436.000000 	501.209991 	1127.457153 	98.088890 	1002.525208 	904.151184 	0.117443 	0.220723 	
437.000000 	501.579987 	1113.518677 	98.555557 	991.268921 	890.859558 	0.116294 	0.223094 	
438.000000 	501.940002 	1104.245361 	97.694443 	984.669128 	881.921204 	0.114612 	0.224815 	
439.000000 	502.309998 	1103.126709 	96.844444 	985.592529 	878.916504 	0.112661 	0.227214 	
440.000000 	502.670013 	1093.506104 	96.973610 	978.297058 	869.880554 	0.111331 	0.228788 	
441.000000 	503.029999 	1091.340332 	96.947220 	977.452271 	865.953308 	0.110212 	0.231331 	
442.000000 	503.399994 	1071.396729 	96.948608 	960.786682 	848.691467 	0.108966 	0.233023 	
443.000000 	503.760010 	1084.024170 	96.800003 	973.199463 	856.641663 	0.107846 	0.235415 	
444.000000 	504.119995 	1074.725464 	96.509720 	966.096252 	846.999146 	0.106557 	0.238121 	
445.000000 	504.489990 	1069.334717 	96.302780 	962.896118 	841.357666 	0.104846 	0.239775 	
446.000000 	504.850006 	1067.663330 	96.556946 	962.325134 	838.295654 	0.103875 	0.241857 	
447.000000 	505.209991 	1058.239868 	96.781944 	955.048462 	829.076355 	0.102600 	0.244050 	
448.000000 	505.579987 	1057.320557 	96.420830 	955.763977 	826.119812 	0.100982 	0.246754 	
449.000000 	505.940002 	1056.393188 	96.245834 	956.038391 	823.918762 	0.099818 	0.248544 	
450.000000 	506.299988 	1048.131592 	96.277779 	949.231445 	815.695679 	0.099112 	0.250723 	
451.000000 	506.660004 	1051.158203 	96.472221 	953.991394 	816.302795 	0.096993 	0.252862 	
452.000000 	507.029999 	1043.881104 	96.530556 	948.004211 	808.569946 	0.096342 	0.255434 	
453.000000 	507.390015 	1044.488770 	96.609718 	950.035400 	807.453796 	0.094784 	0.257397 	
454.000000 	507.750000 	1045.464722 	96.398613 	952.160095 	806.452454 	0.093483 	0.259572 	
455.000000 	508.119995 	1042.310791 	96.548615 	950.990540 	802.528442 	0.091691 	0.261428 	
456.000000 	508.480011 	1046.778931 	96.462502 	954.597290 	803.150024 	0.092184 	0.264932 	
457.000000 	508.839996 	1037.456055 	96.598610 	947.511719 	794.702942 	0.090687 	0.266558 	
458.000000 	509.200012 	1039.088379 	96.406944 	949.763184 	793.833679 	0.089887 	0.269225 	
459.000000 	509.570007 	1038.858765 	96.251389 	951.072021 	792.056946 	0.088288 	0.271245 	
460.000000 	509.929993 	1041.933838 	96.370834 	954.624817 	792.504150 	0.087515 	0.273636 	
461.000000 	510.290009 	1040.577637 	96.277779 	954.568970 	789.429016 	0.086271 	0.276221 	
462.000000 	510.660004 	1043.200928 	96.313889 	958.207336 	789.802246 	0.084985 	0.278266 	
463.000000 	511.019989 	1033.807495 	96.634720 	949.933777 	780.376709 	0.084611 	0.281227 	
464.000000 	511.380005 	1044.909180 	96.498611 	961.480164 	786.657104 	0.083211 	0.283893 	
465.000000 	511.739990 	1039.706299 	96.287498 	957.349487 	781.393250 	0.082525 	0.285615 	
466.000000 	512.109985 	1041.385010 	96.405556 	960.334656 	780.290283 	0.081025 	0.288641 	
467.000000 	512.469971 	1043.533447 	96.393059 	962.572144 	779.563171 	0.080759 	0.291634 	
468.000000 	512.830017 	1037.036621 	96.155556 	957.436279 	772.644470 	0.079863 	0.294303 	
469.000000 	513.190002 	1046.155518 	96.444443 	967.040894 	777.814941 	0.078637 	0.296389 	
470.000000 	513.559998 	1044.952881 	96.341667 	966.517029 	775.312012 	0.078028 	0.298461 	
471.000000 	513.919983 	1044.015137 	97.545837 	967.066101 	772.027100 	0.076562 	0.301809 	
472.000000 	514.280029 	1047.442139 	97.224998 	971.118469 	772.426575 	0.075658 	0.304569 	
473.000000 	514.640015 	1042.614380 	96.752777 	967.379822 	767.165955 	0.074895 	0.306784 	
474.000000 	515.000000 	1049.856445 	96.720833 	975.524841 	770.890625 	0.073433 	0.308862 	
475.000000 	515.369995 	1051.459229 	96.736115 	976.735657 	769.333679 	0.073719 	0.312409 	
476.000000 	515.729980 	1053.110962 	96.512505 	979.789124 	768.859375 	0.072166 	0.314596 	
477.000000 	516.090027 	1047.455811 	96.465279 	975.928223 	762.690430 	0.070731 	0.317267 	
478.000000 	516.450012 	1057.939453 	96.434723 	986.084839 	767.925720 	0.070336 	0.320385 	
479.000000 	516.809998 	1054.148071 	96.297226 	983.665283 	763.439758 	0.069202 	0.322654 	
480.000000 	517.179993 	1069.587524 	96.112503 	998.823364 	772.390076 	0.068450 	0.325539 	
481.000000 	517.539978 	1057.965576 	97.093056 	988.571045 	762.456909 	0.067842 	0.327557 	
482.000000 	517.900024 	1063.544067 	97.277779 	994.528198 	763.591492 	0.067094 	0.331329 	
483.000000 	518.260010 	1067.202881 	96.898613 	998.499207 	764.459229 	0.066543 	0.333628 	
484.000000 	518.619995 	1065.751343 	96.991669 	998.251831 	760.915100 	0.065430 	0.336914 	
485.000000 	518.989990 	1073.138550 	96.695831 	1005.494385 	764.083862 	0.065108 	0.339665 	
486.000000 	519.349976 	1073.782471 	96.584724 	1007.106567 	762.077759 	0.064106 	0.342894 	
487.000000 	519.710022 	1076.254150 	96.608330 	1010.210144 	762.594299 	0.063328 	0.344515 	
488.000000 	520.070007 	1078.626099 	96.508331 	1013.694946 	761.929688 	0.062086 	0.347589 	
489.000000 	520.429993 	1077.091064 	96.322220 	1012.900574 	758.093384 	0.061446 	0.351213 	
490.000000 	520.789978 	1085.304932 	96.233330 	1021.502014 	762.005737 	0.060587 	0.353662 	
491.000000 	521.159973 	1081.815186 	96.102776 	1018.394531 	757.132141 	0.060413 	0.356858 	
492.000000 	521.520020 	1087.839722 	96.143059 	1025.035767 	758.760620 	0.059466 	0.360263 	
493.000000 	521.880005 	1086.392334 	96.263885 	1023.945374 	755.738220 	0.059199 	0.362923 	
494.000000 	522.239990 	1096.957764 	96.187500 	1034.520142 	760.509888 	0.058603 	0.366307 	
495.000000 	522.599976 	1101.257202 	96.326393 	1039.894775 	761.558533 	0.057333 	0.368841 	
496.000000 	522.960022 	1100.284912 	96.529167 	1039.213745 	758.261475 	0.057105 	0.372296 	
497.000000 	523.320007 	1102.856567 	96.495834 	1042.026489 	757.717712 	0.056736 	0.375348 	
498.000000 	523.690002 	1105.241943 	96.329170 	1045.049072 	756.980225 	0.056001 	0.378482 	
499.000000 	524.049988 	1106.201904 	96.227776 	1047.201050 	755.565430 	0.054811 	0.381221 	
500.000000 	524.409973 	1112.584106 	96.116669 	1053.614380 	757.371338 	0.054459 	0.384587 	
501.000000 	524.770020 	1112.042847 	96.218056 	1053.539551 	754.640259 	0.054043 	0.387713 	
502.000000 	525.130005 	1116.382813 	97.574997 	1059.141846 	755.490601 	0.052635 	0.390481 	
503.000000 	525.489990 	1121.791870 	96.966667 	1064.424683 	755.799500 	0.052493 	0.394907 	
504.000000 	525.849976 	1123.414429 	96.527779 	1066.627075 	754.799316 	0.051871 	0.397676 	
505.000000 	526.210022 	1123.614746 	96.330559 	1067.385254 	752.652283 	0.051339 	0.400703 	
506.000000 	526.570007 	1130.714111 	96.456947 	1075.357178 	754.878479 	0.050197 	0.404048 	
507.000000 	526.940002 	1134.397583 	96.293053 	1078.266235 	754.742859 	0.050747 	0.407480 	
508.000000 	527.299988 	1138.552368 	96.537498 	1083.516846 	755.181274 	0.049545 	0.410555 	
509.000000 	527.659973 	1146.653931 	96.512497 	1091.304932 	757.431274 	0.049474 	0.414670 	
510.000000 	528.020020 	1141.075562 	96.348610 	1087.259521 	751.656067 	0.048311 	0.417448 	
511.000000 	528.380005 	1145.023804 	96.202774 	1091.486938 	751.560242 	0.047885 	0.421030 	
512.000000 	528.739990 	1155.111328 	96.077782 	1101.866211 	755.738892 	0.047191 	0.424256 	
513.000000 	529.099976 	1158.042603 	96.347221 	1104.933716 	755.238708 	0.046946 	0.427453 	
514.000000 	529.460022 	1155.116455 	96.512497 	1102.348389 	750.531799 	0.046759 	0.431175 	
515.000000 	529.820007 	1164.888550 	96.283333 	1112.911743 	754.258850 	0.045645 	0.434645 	
516.000000 	530.179993 	1165.251953 	95.990280 	1113.208618 	751.933167 	0.045691 	0.438046 	
517.000000 	530.539978 	1173.671509 	96.047226 	1123.071289 	754.917908 	0.044070 	0.441283 	
518.000000 	530.900024 	1175.311768 	96.125000 	1124.365234 	752.991638 	0.044315 	0.445235 	
519.000000 	531.260010 	1176.644409 	96.211113 	1126.117188 	750.867554 	0.043891 	0.449193 	
520.000000 	531.619995 	1184.140991 	96.384720 	1134.716919 	753.704834 	0.042634 	0.451772 	
521.000000 	531.979980 	1187.913940 	96.255554 	1138.758057 	753.124146 	0.042261 	0.455724 	
522.000000 	532.349976 	1191.321899 	96.131943 	1142.291382 	752.364380 	0.042027 	0.459598 	
523.000000 	532.710022 	1197.785889 	96.437500 	1147.748901 	753.657288 	0.042672 	0.463293 	
524.000000 	533.070007 	1197.908203 	96.372223 	1149.345703 	751.159546 	0.041384 	0.466714 	
525.000000 	533.429993 	1207.464355 	96.202782 	1158.901001 	754.491516 	0.041050 	0.470234 	
526.000000 	533.789978 	1210.386475 	96.104164 	1163.085449 	753.865112 	0.039863 	0.473481 	
527.000000 	534.150024 	1218.138306 	96.375000 	1169.908691 	755.376587 	0.040398 	0.477863 	
528.000000 	534.510010 	1220.067017 	96.636108 	1172.719360 	753.960754 	0.039580 	0.481320 	
529.000000 	534.869995 	1218.354126 	96.533333 	1171.573242 	750.635437 	0.039153 	0.484336 	
530.000000 	535.229980 	1230.486694 	97.199997 	1184.141357 	755.370850 	0.038392 	0.487957 	
531.000000 	535.590027 	1230.582764 	96.680557 	1183.829834 	751.249146 	0.038733 	0.493505 	
532.000000 	535.950012 	1233.056396 	96.251389 	1187.385620 	750.768433 	0.037742 	0.496154 	
533.000000 	536.309998 	1235.883057 	96.308334 	1190.562378 	749.844299 	0.037360 	0.499676 	
534.000000 	536.669983 	1246.738403 	96.231941 	1201.436035 	753.869080 	0.037014 	0.503067 	
535.000000 	537.030029 	1254.548828 	96.422226 	1208.696289 	754.787659 	0.037234 	0.508095 	
536.000000 	537.390015 	1252.257690 	96.518059 	1207.760254 	750.804871 	0.036180 	0.511558 	
537.000000 	537.750000 	1260.306641 	96.240280 	1215.667358 	753.301880 	0.036062 	0.514645 	
538.000000 	538.109985 	1268.980225 	96.316666 	1224.141479 	755.578674 	0.035974 	0.518485 	
539.000000 	538.469971 	1267.239746 	96.330559 	1223.427002 	751.458496 	0.035185 	0.522581 	
540.000000 	538.830017 	1275.740601 	96.612495 	1231.538574 	753.300537 	0.035263 	0.526818 	
541.000000 	539.179993 	1280.243896 	96.394447 	1237.110474 	753.276367 	0.034272 	0.530374 	
542.000000 	539.539978 	1274.583374 	100.048615 	1231.319824 	746.235229 	0.034533 	0.535334 	
543.000000 	539.900024 	1283.431885 	99.068054 	1240.666138 	749.141296 	0.033889 	0.538365 	
544.000000 	540.260010 	1295.235352 	97.420830 	1252.328003 	753.044250 	0.033688 	0.542324 	
545.000000 	540.619995 	1299.334839 	96.529167 	1256.839355 	752.722412 	0.033252 	0.545911 	
546.000000 	540.979980 	1296.779541 	96.211113 	1254.996460 	748.566467 	0.032751 	0.549479 	
547.000000 	541.340027 	1304.047241 	96.140282 	1262.466797 	749.820129 	0.032405 	0.553394 	
548.000000 	541.700012 	1310.637329 	96.461113 	1268.494385 	750.964905 	0.032683 	0.556910 	
549.000000 	542.059998 	1317.823608 	96.563889 	1276.666504 	752.258484 	0.031729 	0.560657 	
550.000000 	542.419983 	1315.881714 	96.916664 	1274.349121 	748.393738 	0.032072 	0.564333 	
551.000000 	542.780029 	1325.671631 	96.854164 	1284.691528 	750.164612 	0.031401 	0.569382 	
552.000000 	543.140015 	1329.960693 	96.329170 	1289.524048 	750.175537 	0.030876 	0.572597 	
553.000000 	543.500000 	1337.262451 	96.080551 	1296.675415 	751.547058 	0.030821 	0.576246 	
554.000000 	543.859985 	1336.893921 	96.101387 	1296.610596 	748.413696 	0.030595 	0.580149 	
555.000000 	544.219971 	1344.665039 	96.008331 	1304.774292 	750.353149 	0.030115 	0.583356 	
556.000000 	544.570007 	1352.232178 	97.563889 	1312.617065 	751.886658 	0.029734 	0.586926 	
557.000000 	544.929993 	1351.229126 	98.058334 	1311.919434 	748.126587 	0.029523 	0.591197 	
558.000000 	545.289978 	1361.194580 	97.050003 	1321.650024 	750.471375 	0.029481 	0.595417 	
559.000000 	545.650024 	1361.602295 	96.368057 	1322.428101 	747.690247 	0.029192 	0.599429 	
560.000000 	546.010010 	1364.802979 	96.605553 	1326.186890 	747.113708 	0.028702 	0.602548 	
561.000000 	546.369995 	1373.905396 	96.580559 	1335.360229 	748.537659 	0.028457 	0.607291 	
562.000000 	546.729980 	1370.455200 	96.529167 	1331.396973 	744.021362 	0.028914 	0.610828 	
563.000000 	547.090027 	1376.073853 	96.390274 	1337.585815 	744.433655 	0.028368 	0.614366 	
564.000000 	547.450012 	1380.003784 	96.098610 	1342.162231 	743.712341 	0.027804 	0.618187 	
565.000000 	547.799988 	1389.709839 	96.159721 	1350.800659 	745.565308 	0.028398 	0.622707 	
566.000000 	548.159973 	1384.455200 	96.116669 	1346.935547 	740.617676 	0.027474 	0.625577 	
567.000000 	548.520020 	1389.911011 	96.206947 	1351.926758 	740.327393 	0.027709 	0.629903 	
568.000000 	548.880005 	1402.155640 	97.001389 	1364.322510 	744.619446 	0.027353 	0.632893 	
569.000000 	549.239990 	1395.452148 	96.798615 	1358.440552 	737.611816 	0.026881 	0.637556 	
570.000000 	549.599976 	1405.008179 	96.552780 	1366.951050 	739.463379 	0.027461 	0.641874 	
571.000000 	549.960022 	1410.050781 	96.262497 	1372.921753 	739.169250 	0.026684 	0.645854 	
572.000000 	550.309998 	1405.590942 	96.015274 	1369.759766 	734.445129 	0.025823 	0.649098 	
573.000000 	550.669983 	1409.536743 	96.044441 	1373.384399 	733.608154 	0.025983 	0.653041 	
574.000000 	551.030029 	1418.900391 	96.109726 	1382.285889 	735.596008 	0.026144 	0.656957 	
575.000000 	551.390015 	1416.116821 	96.209724 	1379.619629 	731.226746 	0.026111 	0.660950 	
576.000000 	551.750000 	1418.348389 	96.743057 	1382.876465 	729.891296 	0.025327 	0.664353 	
577.000000 	552.109985 	1420.785645 	96.429169 	1384.145264 	727.667725 	0.026127 	0.669121 	
578.000000 	552.460022 	1422.507690 	96.043053 	1386.647217 	725.756958 	0.025533 	0.672961 	
579.000000 	552.820007 	1432.946655 	96.366669 	1397.510010 	729.042725 	0.025041 	0.675756 	
580.000000 	553.179993 	1427.436401 	96.397224 	1392.465820 	723.204346 	0.024804 	0.679944 	
581.000000 	553.539978 	1433.442261 	96.331947 	1398.651245 	723.168030 	0.024570 	0.684193 	
582.000000 	553.900024 	1433.877563 	96.163887 	1398.671997 	720.192871 	0.024859 	0.688618 	
583.000000 	554.250000 	1432.280151 	96.004166 	1397.849609 	716.842712 	0.024333 	0.692167 	
584.000000 	554.609985 	1438.140259 	95.972221 	1404.072388 	716.792847 	0.023974 	0.696320 	
585.000000 	554.969971 	1433.828979 	95.919441 	1399.352783 	711.907104 	0.024339 	0.700156 	
586.000000 	555.330017 	1436.139282 	95.920830 	1401.727051 	709.955200 	0.024253 	0.704512 	
587.000000 	555.690002 	1447.307983 	95.938889 	1413.039917 	712.438721 	0.023962 	0.708766 	
588.000000 	556.039978 	1439.600342 	96.190277 	1405.081421 	705.545166 	0.024271 	0.713150 	
589.000000 	556.400024 	1438.714722 	96.423615 	1405.267212 	702.155029 	0.023522 	0.717351 	
590.000000 	556.760010 	1448.076538 	96.243057 	1414.431885 	703.772583 	0.023508 	0.721536 	
591.000000 	557.119995 	1438.542969 	96.262497 	1405.233765 	696.311951 	0.023427 	0.725588 	
592.000000 	557.469971 	1438.591919 	97.091667 	1405.900146 	694.176025 	0.022987 	0.728694 	
593.000000 	557.830017 	1442.766846 	96.697220 	1409.692505 	691.973083 	0.023191 	0.734771 	
594.000000 	558.190002 	1438.526123 	96.340279 	1406.026001 	687.432129 	0.022851 	0.738411 	
595.000000 	558.549988 	1438.367065 	96.468056 	1405.900391 	684.322571 	0.022830 	0.742834 	
596.000000 	558.900024 	1441.869507 	96.500000 	1410.159790 	682.903137 	0.022238 	0.747343 	
597.000000 	559.260010 	1439.906372 	96.426392 	1407.622559 	678.353821 	0.022676 	0.752664 	
598.000000 	559.619995 	1438.108276 	96.747223 	1406.119629 	674.897583 	0.022495 	0.756523 	
599.000000 	559.979980 	1433.418335 	96.652779 	1402.904297 	669.137329 	0.021518 	0.761828 	
600.000000 	560.330017 	1431.602295 	96.255554 	1400.444946 	664.774109 	0.022004 	0.767102 	
601.000000 	560.690002 	1432.636230 	96.383331 	1401.970459 	662.630737 	0.021637 	0.771054 	
602.000000 	561.049988 	1436.142822 	96.198608 	1404.547607 	660.589966 	0.022246 	0.776583 	
603.000000 	561.409973 	1428.103760 	96.111115 	1397.416626 	653.882141 	0.021722 	0.781176 	
604.000000 	561.760010 	1427.537109 	96.027779 	1396.755859 	650.288879 	0.021798 	0.786289 	
605.000000 	562.119995 	1426.026733 	96.138893 	1395.672485 	646.439758 	0.021515 	0.791167 	
606.000000 	562.479980 	1428.042236 	96.062500 	1397.934814 	643.912476 	0.021308 	0.796497 	
607.000000 	562.830017 	1420.604126 	96.038887 	1390.683960 	637.458496 	0.021287 	0.801349 	
608.000000 	563.190002 	1421.767822 	96.161110 	1391.912231 	634.420166 	0.021223 	0.806945 	
609.000000 	563.549988 	1418.521973 	96.144447 	1388.777832 	629.625854 	0.021192 	0.812245 	
610.000000 	563.900024 	1416.728760 	96.173615 	1386.916016 	625.486267 	0.021268 	0.817576 	
611.000000 	564.260010 	1416.404419 	96.034721 	1387.066406 	621.580383 	0.020931 	0.823612 	
612.000000 	564.619995 	1412.094482 	96.012497 	1383.271240 	616.280212 	0.020623 	0.829128 	
613.000000 	564.979980 	1402.637573 	96.250000 	1373.857056 	608.639587 	0.020732 	0.834883 	
614.000000 	565.330017 	1409.106079 	95.986115 	1380.017212 	607.758179 	0.020860 	0.840934 	
615.000000 	565.690002 	1410.138916 	96.273613 	1380.979614 	605.167542 	0.020895 	0.845938 	
616.000000 	566.049988 	1402.850098 	96.356941 	1373.780029 	597.861816 	0.020940 	0.852901 	
617.000000 	566.400024 	1399.923828 	96.047218 	1370.673462 	592.779846 	0.021116 	0.859350 	
618.000000 	566.760010 	1396.657104 	95.919441 	1367.865845 	588.005554 	0.020830 	0.865101 	
619.000000 	567.119995 	1390.374756 	96.341667 	1362.606689 	582.230713 	0.020174 	0.870462 	
620.000000 	567.469971 	1388.890747 	96.363892 	1361.422485 	577.456421 	0.019976 	0.877628 	
621.000000 	567.830017 	1386.278564 	96.347221 	1358.347900 	573.005920 	0.020354 	0.883482 	
622.000000 	568.179993 	1391.299072 	96.143059 	1363.416748 	570.885620 	0.020244 	0.890804 	
623.000000 	568.539978 	1380.398071 	96.159721 	1353.243530 	562.859558 	0.019868 	0.897097 	
624.000000 	568.900024 	1374.181274 	96.019447 	1347.108765 	556.655579 	0.019897 	0.903667 	
625.000000 	569.250000 	1381.426392 	96.086113 	1353.401978 	556.026917 	0.020495 	0.910055 	
626.000000 	569.609985 	1373.613159 	96.193054 	1346.263428 	549.046509 	0.020112 	0.917017 	
627.000000 	569.969971 	1381.444092 	96.027779 	1354.503174 	548.003967 	0.019694 	0.924602 	
628.000000 	570.320007 	1376.403442 	96.290276 	1349.609131 	542.639954 	0.019659 	0.930783 	
629.000000 	570.679993 	1371.245117 	97.191666 	1345.701294 	537.441162 	0.018804 	0.936655 	
630.000000 	571.030029 	1361.927856 	97.016663 	1335.868652 	529.333313 	0.019320 	0.945038 	
631.000000 	571.390015 	1359.449097 	96.505554 	1333.268921 	524.393921 	0.019445 	0.952591 	
632.000000 	571.750000 	1362.301880 	97.270836 	1336.468872 	521.478638 	0.019145 	0.960263 	
633.000000 	572.099976 	1355.136353 	96.622223 	1328.746216 	514.760071 	0.019667 	0.967957 	
634.000000 	572.460022 	1355.333862 	96.320831 	1329.631348 	511.873444 	0.019146 	0.973725 	
635.000000 	572.809998 	1353.864380 	95.940277 	1327.520630 	507.360748 	0.019650 	0.981496 	
636.000000 	573.169983 	1347.636841 	96.251389 	1322.997559 	502.025696 	0.018452 	0.987456 	
637.000000 	573.530029 	1344.130005 	96.433334 	1319.154663 	496.293243 	0.018756 	0.996335 	
638.000000 	573.880005 	1351.821655 	96.961113 	1327.234497 	496.124298 	0.018356 	1.002382 	
639.000000 	574.239990 	1349.994507 	96.800003 	1324.737549 	490.722900 	0.018886 	1.011976 	
640.000000 	574.590027 	1344.134521 	96.481941 	1319.322388 	485.287323 	0.018632 	1.018764 	
641.000000 	574.950012 	1340.459595 	96.388885 	1315.399170 	480.103821 	0.018873 	1.026766 	
642.000000 	575.309998 	1341.648804 	96.284721 	1316.478882 	477.019440 	0.018939 	1.034097 	
643.000000 	575.659973 	1338.300293 	96.270836 	1313.907471 	472.480194 	0.018395 	1.041160 	
644.000000 	576.020020 	1329.282959 	96.056946 	1305.775635 	465.825867 	0.017842 	1.048583 	
645.000000 	576.369995 	1323.917236 	96.112503 	1300.049438 	460.630219 	0.018193 	1.055755 	
646.000000 	576.729980 	1327.341431 	96.169441 	1303.683838 	458.417542 	0.017984 	1.063153 	
647.000000 	577.080017 	1320.983643 	96.081947 	1296.837036 	452.410248 	0.018448 	1.071543 	
648.000000 	577.440002 	1319.975098 	96.069443 	1296.047974 	449.072754 	0.018293 	1.078183 	
649.000000 	577.789978 	1319.806641 	95.897224 	1295.561523 	445.901733 	0.018541 	1.085142 	
650.000000 	578.150024 	1312.110352 	96.026390 	1289.004639 	440.262665 	0.017766 	1.092021 	
651.000000 	578.500000 	1312.865845 	96.195831 	1289.145996 	436.879700 	0.018233 	1.100310 	
652.000000 	578.859985 	1314.457764 	96.068054 	1291.066162 	434.337158 	0.017956 	1.107358 	
653.000000 	579.210022 	1313.720093 	96.323608 	1290.534546 	431.546173 	0.017807 	1.113244 	
654.000000 	579.570007 	1313.962769 	96.570831 	1290.104736 	428.520325 	0.018324 	1.120465 	
655.000000 	579.929993 	1304.978760 	96.586113 	1281.612793 	422.500854 	0.018067 	1.127750 	
656.000000 	580.280029 	1297.948853 	96.347221 	1274.342407 	417.194427 	0.018355 	1.134988 	
657.000000 	580.640015 	1299.343140 	95.976387 	1277.068726 	415.272583 	0.017292 	1.140679 	
658.000000 	580.989990 	1298.573730 	96.102776 	1276.013550 	412.634735 	0.017526 	1.146459 	
659.000000 	581.349976 	1288.616089 	96.204170 	1266.643677 	407.498962 	0.017198 	1.151286 	
660.000000 	581.700012 	1294.354980 	95.990280 	1271.483032 	405.999817 	0.017828 	1.159415 	
661.000000 	582.049988 	1290.241455 	96.099998 	1266.643433 	403.057281 	0.018459 	1.163506 	
662.000000 	582.409973 	1286.611938 	96.495834 	1263.532959 	399.634888 	0.018101 	1.169216 	
663.000000 	582.760010 	1278.234131 	96.191666 	1256.328491 	394.832825 	0.017286 	1.174773 	
664.000000 	583.119995 	1284.210815 	96.193054 	1261.512329 	395.072052 	0.017833 	1.178832 	
665.000000 	583.469971 	1280.115479 	96.436111 	1257.876953 	391.941498 	0.017525 	1.183593 	
666.000000 	583.830017 	1271.927368 	96.212502 	1249.968506 	387.535400 	0.017415 	1.188481 	
667.000000 	584.179993 	1268.166992 	96.691666 	1246.647461 	385.369263 	0.017115 	1.191126 	
668.000000 	584.539978 	1267.401245 	97.384720 	1246.458740 	383.951752 	0.016662 	1.194207 	
669.000000 	584.890015 	1265.629150 	96.933334 	1244.113403 	380.875000 	0.017147 	1.200854 	
670.000000 	585.250000 	1263.599121 	96.455559 	1242.178101 	379.561096 	0.017097 	1.202704 	
671.000000 	585.599976 	1254.989014 	96.693054 	1233.411865 	376.251740 	0.017343 	1.204624 	
672.000000 	585.960022 	1258.081055 	96.486115 	1236.753052 	375.662323 	0.017098 	1.208652 	
673.000000 	586.309998 	1258.158447 	98.598610 	1236.317139 	376.452423 	0.017512 	1.206613 	
674.000000 	586.659973 	1251.668823 	97.456940 	1230.793579 	371.612854 	0.016819 	1.214381 	
675.000000 	587.020020 	1249.828613 	96.654167 	1228.947998 	371.729675 	0.016848 	1.212595 	
676.000000 	587.369995 	1243.164673 	96.573608 	1222.639404 	369.413879 	0.016648 	1.213498 	
677.000000 	587.729980 	1244.812988 	96.191666 	1223.858276 	369.376038 	0.016977 	1.214925 	
678.000000 	588.080017 	1243.904907 	96.176392 	1222.580688 	369.197052 	0.017292 	1.214680 	
679.000000 	588.440002 	1248.053345 	100.438889 	1228.523071 	373.620483 	0.015772 	1.206100 	
680.000000 	588.789978 	1228.040649 	98.512505 	1207.939087 	363.438019 	0.016504 	1.217566 	
681.000000 	589.140015 	1231.260132 	96.855553 	1211.124390 	365.576752 	0.016489 	1.214317 	
682.000000 	589.500000 	1226.681641 	96.322220 	1206.948975 	365.590790 	0.016217 	1.210554 	
683.000000 	589.849976 	1221.714600 	96.091667 	1201.616455 	364.769775 	0.016588 	1.208745 	
684.000000 	590.210022 	1224.853271 	96.051392 	1204.989380 	366.631958 	0.016350 	1.206218 	
685.000000 	590.559998 	1219.619141 	96.409721 	1199.468018 	366.550171 	0.016660 	1.202158 	
686.000000 	590.909973 	1217.174683 	96.116669 	1197.065430 	366.985931 	0.016659 	1.198964 	
687.000000 	591.270020 	1209.206909 	95.973610 	1189.851440 	366.315460 	0.016136 	1.194225 	
688.000000 	591.619995 	1204.611084 	95.901390 	1184.755615 	366.325165 	0.016620 	1.190391 	
689.000000 	591.979980 	1203.666382 	96.062500 	1184.120605 	368.046875 	0.016372 	1.184917 	
690.000000 	592.330017 	1204.477661 	95.865280 	1185.448853 	370.199829 	0.015925 	1.179759 	
691.000000 	592.679993 	1191.885986 	95.675003 	1173.567383 	368.981262 	0.015489 	1.172546 	
692.000000 	593.039978 	1191.565430 	95.779167 	1172.646973 	371.059906 	0.016004 	1.166659 	
693.000000 	593.390015 	1189.663574 	95.883331 	1170.652588 	372.919281 	0.016109 	1.160064 	
694.000000 	593.739990 	1180.476440 	96.005554 	1161.935791 	372.844971 	0.015831 	1.152511 	
695.000000 	594.099976 	1181.132935 	96.063889 	1162.351929 	376.085602 	0.016028 	1.144413 	
696.000000 	594.450012 	1173.527466 	96.081947 	1155.412109 	376.878998 	0.015557 	1.135845 	
697.000000 	594.799988 	1170.965454 	96.286110 	1153.363281 	379.668579 	0.015146 	1.126285 	
698.000000 	595.159973 	1168.977905 	96.091667 	1150.854492 	382.131256 	0.015625 	1.118121 	
699.000000 	595.510010 	1161.599731 	96.716667 	1143.519775 	384.174988 	0.015687 	1.106455 	
700.000000 	595.859985 	1152.356567 	96.333336 	1134.371582 	383.923431 	0.015730 	1.099121 	
701.000000 	596.219971 	1153.166992 	95.948608 	1135.250244 	388.207642 	0.015659 	1.088727 	
702.000000 	596.570007 	1142.652710 	96.034721 	1124.949463 	389.826721 	0.015614 	1.075405 	
703.000000 	596.919983 	1136.427856 	95.841667 	1118.982788 	391.950012 	0.015470 	1.064511 	
704.000000 	597.280029 	1134.565430 	96.198608 	1117.152466 	396.183685 	0.015467 	1.052127 	
705.000000 	597.630005 	1133.993408 	96.034721 	1116.697876 	400.309021 	0.015369 	1.041264 	
706.000000 	597.979980 	1121.977051 	95.847221 	1105.001099 	401.350708 	0.015246 	1.028012 	
707.000000 	598.340027 	1111.759155 	95.891670 	1095.525757 	403.006775 	0.014709 	1.014746 	
708.000000 	598.690002 	1109.252563 	95.820831 	1092.483521 	407.232300 	0.015233 	1.002058 	
709.000000 	599.039978 	1101.890747 	96.951385 	1085.669800 	410.913208 	0.014830 	0.986401 	
710.000000 	599.390015 	1094.023682 	96.495834 	1077.676392 	412.150513 	0.015055 	0.976229 	
711.000000 	599.750000 	1087.159058 	96.897224 	1071.292480 	416.532990 	0.014702 	0.959357 	
712.000000 	600.099976 	1080.019531 	96.474998 	1063.591797 	418.657806 	0.015327 	0.947680 	
713.000000 	600.450012 	1072.822144 	96.058334 	1056.873169 	422.530212 	0.014978 	0.931787 	
714.000000 	600.809998 	1067.980835 	96.265274 	1052.073853 	427.346191 	0.015007 	0.915931 	
715.000000 	601.159973 	1061.168213 	96.076393 	1046.129028 	430.518402 	0.014274 	0.902136 	
716.000000 	601.510010 	1052.868530 	96.029167 	1037.519775 	433.656769 	0.014686 	0.887021 	
717.000000 	601.859985 	1045.478638 	96.129166 	1030.258911 	436.982300 	0.014665 	0.872337 	
718.000000 	602.219971 	1038.996338 	95.920830 	1024.266724 	441.167175 	0.014278 	0.856587 	
719.000000 	602.570007 	1044.407593 	96.136116 	1029.338867 	450.104523 	0.014533 	0.841725 	
720.000000 	602.919983 	1031.256104 	96.186111 	1016.889465 	451.447723 	0.014029 	0.826073 	
721.000000 	603.270020 	1028.684814 	96.309723 	1013.966919 	457.243927 	0.014411 	0.810820 	
722.000000 	603.630005 	1022.370850 	96.316666 	1007.741455 	461.403137 	0.014413 	0.795608 	
723.000000 	603.979980 	1017.781738 	95.991669 	1002.883301 	465.879181 	0.014746 	0.781455 	
724.000000 	604.330017 	1017.963989 	96.155556 	1004.093384 	473.934021 	0.013720 	0.764492 	
725.000000 	604.679993 	1009.643982 	95.870834 	996.025879 	477.346344 	0.013580 	0.749111 	
726.000000 	605.030029 	999.229309 	95.709724 	985.169067 	480.012665 	0.014171 	0.733172 	
727.000000 	605.390015 	998.438171 	95.918053 	984.659119 	486.977783 	0.013897 	0.717974 	
728.000000 	605.739990 	993.709045 	95.859726 	979.636475 	491.929352 	0.014263 	0.703109 	
729.000000 	606.090027 	990.722412 	95.991669 	976.975159 	498.109894 	0.013973 	0.687613 	
730.000000 	606.440002 	988.310852 	95.880554 	975.170532 	504.617371 	0.013385 	0.672196 	
731.000000 	606.799988 	977.170837 	95.666664 	964.415955 	506.767700 	0.013139 	0.656609 	
732.000000 	607.150024 	976.573730 	95.945831 	963.783508 	513.847412 	0.013184 	0.642124 	
733.000000 	607.500000 	967.571716 	96.123611 	954.795410 	516.838867 	0.013293 	0.627059 	
734.000000 	607.849976 	963.127808 	96.034721 	950.343506 	522.076721 	0.013363 	0.612372 	
735.000000 	608.200012 	963.813110 	95.898613 	950.853027 	529.506104 	0.013538 	0.598953 	
736.000000 	608.549988 	952.744080 	95.827782 	940.143433 	530.967041 	0.013314 	0.584646 	
737.000000 	608.909973 	949.559692 	97.140274 	937.342346 	537.771179 	0.012950 	0.568565 	
738.000000 	609.260010 	949.585083 	96.868057 	937.516174 	543.884033 	0.012791 	0.557289 	
739.000000 	609.609985 	935.857239 	96.301392 	923.917603 	544.485046 	0.012840 	0.541623 	
740.000000 	609.960022 	934.801575 	95.974998 	922.316284 	550.519287 	0.013446 	0.529472 	
741.000000 	610.309998 	929.335938 	95.687500 	917.958679 	554.984863 	0.012318 	0.515530 	
742.000000 	610.659973 	924.648010 	95.952782 	913.685242 	559.724792 	0.011927 	0.501968 	
743.000000 	611.020020 	919.639771 	96.055557 	908.032471 	563.386108 	0.012702 	0.490017 	
744.000000 	611.369995 	913.300598 	95.798615 	902.275818 	567.290466 	0.012145 	0.476194 	
745.000000 	611.719971 	911.442444 	95.683334 	900.319397 	572.716675 	0.012279 	0.464638 	
746.000000 	612.070007 	903.875488 	96.066666 	892.489868 	574.984924 	0.012677 	0.452348 	
747.000000 	612.419983 	897.994263 	96.216667 	887.021362 	578.221863 	0.012295 	0.440206 	
748.000000 	612.770020 	887.267822 	96.248611 	876.691589 	578.237305 	0.011992 	0.428163 	
749.000000 	613.119995 	887.722473 	96.173615 	877.263367 	585.347717 	0.011852 	0.416453 	
750.000000 	613.479980 	883.782288 	98.308334 	873.528625 	590.313049 	0.011670 	0.403558 	
751.000000 	613.830017 	874.948669 	97.270836 	864.460144 	589.576538 	0.012060 	0.394761 	
752.000000 	614.179993 	867.948242 	96.773613 	857.584534 	591.607117 	0.012012 	0.383289 	
753.000000 	614.530029 	863.991028 	96.472221 	853.854431 	595.149109 	0.011802 	0.372750 	
754.000000 	614.880005 	856.470337 	96.162498 	847.184753 	596.261963 	0.010901 	0.362139 	
755.000000 	615.229980 	855.414856 	95.862503 	845.842957 	601.380737 	0.011253 	0.352358 	
756.000000 	615.580017 	845.936279 	95.715279 	836.620056 	600.555054 	0.011074 	0.342590 	
757.000000 	615.929993 	845.049133 	95.705559 	835.441711 	605.647583 	0.011434 	0.333097 	
758.000000 	616.280029 	832.328491 	95.902779 	822.811340 	602.322205 	0.011500 	0.323434 	
759.000000 	616.640015 	829.796204 	95.869446 	821.078918 	605.939941 	0.010561 	0.314399 	
760.000000 	616.989990 	825.652161 	95.761108 	816.564453 	608.610229 	0.011068 	0.304996 	
761.000000 	617.340027 	814.628113 	95.875000 	806.005432 	605.752075 	0.010641 	0.296261 	
762.000000 	617.690002 	811.840027 	96.088890 	803.260010 	609.121521 	0.010625 	0.287285 	
763.000000 	618.039978 	806.719421 	96.118057 	798.724854 	610.006958 	0.009960 	0.279506 	
764.000000 	618.390015 	803.037842 	95.977776 	794.665161 	611.821716 	0.010481 	0.271961 	
765.000000 	618.739990 	795.627075 	96.166664 	787.826843 	611.286987 	0.009852 	0.263564 	
766.000000 	619.090027 	790.645813 	96.216667 	782.848572 	612.049988 	0.009911 	0.256036 	
767.000000 	619.440002 	785.480347 	95.893059 	777.378174 	612.677795 	0.010369 	0.248456 	
768.000000 	619.789978 	780.456848 	95.948608 	772.598694 	612.808167 	0.010120 	0.241828 	
769.000000 	620.140015 	775.438904 	96.036110 	767.923645 	613.032654 	0.009739 	0.235011 	
770.000000 	620.489990 	770.415039 	95.901390 	762.564941 	613.353271 	0.010242 	0.227988 	
771.000000 	620.840027 	765.639587 	96.941666 	758.296387 	614.334412 	0.009637 	0.220172 	
772.000000 	621.190002 	757.669617 	96.594444 	749.955017 	611.007629 	0.010234 	0.215138 	
773.000000 	621.539978 	754.412415 	96.280556 	746.967285 	612.128296 	0.009918 	0.208997 	
774.000000 	621.890015 	748.113831 	95.866669 	740.925171 	611.052063 	0.009655 	0.202373 	
775.000000 	622.239990 	742.575195 	96.201385 	735.240479 	609.991333 	0.009926 	0.196680 	
776.000000 	622.590027 	737.811218 	96.145836 	730.857971 	609.713013 	0.009469 	0.190700 	
777.000000 	622.940002 	733.487305 	95.898613 	726.754089 	609.214905 	0.009222 	0.185639 	
778.000000 	623.289978 	726.717346 	95.901390 	720.184998 	607.331421 	0.009029 	0.179463 	
779.000000 	623.640015 	721.688538 	96.120834 	715.213379 	605.745850 	0.009013 	0.175133 	
780.000000 	623.989990 	716.800537 	96.004166 	709.975159 	604.797363 	0.009568 	0.169904 	
781.000000 	624.340027 	711.314575 	96.041664 	705.345825 	603.328674 	0.008427 	0.164653 	
782.000000 	624.690002 	707.559387 	95.837502 	701.417908 	602.968201 	0.008718 	0.159957 	
783.000000 	625.039978 	701.559021 	95.722221 	695.398987 	600.694946 	0.008820 	0.155218 	
784.000000 	625.390015 	699.548889 	95.872223 	693.125610 	601.070984 	0.009224 	0.151722 	
785.000000 	625.739990 	694.590637 	95.712502 	688.605957 	599.709900 	0.008653 	0.146876 	
786.000000 	626.090027 	686.894714 	95.676392 	681.242615 	595.781433 	0.008263 	0.142307 	
787.000000 	626.440002 	683.705017 	95.890282 	677.647217 	595.294617 	0.008900 	0.138470 	
788.000000 	626.789978 	679.069275 	96.341667 	672.878418 	593.598450 	0.009159 	0.134520 	
789.000000 	627.140015 	670.738708 	96.009720 	665.126709 	588.828796 	0.008402 	0.130244 	
790.000000 	627.489990 	671.203552 	97.297218 	665.772888 	591.628845 	0.008124 	0.126193 	
791.000000 	627.840027 	661.544800 	96.708336 	656.244934 	584.850525 	0.008044 	0.123221 	
792.000000 	628.190002 	659.238159 	96.430557 	653.717285 	584.688171 	0.008410 	0.120007 	
793.000000 	628.539978 	653.412781 	96.258331 	648.355225 	581.783875 	0.007771 	0.116110 	
794.000000 	628.890015 	649.049072 	96.373611 	644.050293 	579.737305 	0.007731 	0.112933 	
795.000000 	629.239990 	645.777710 	96.002777 	640.886902 	578.730591 	0.007602 	0.109618 	
796.000000 	629.590027 	641.096252 	95.838890 	636.244263 	576.397034 	0.007597 	0.106383 	
797.000000 	629.940002 	637.600281 	95.783333 	632.780273 	574.771851 	0.007588 	0.103738 	
798.000000 	630.289978 	633.332458 	95.897224 	628.513123 	572.555359 	0.007638 	0.100886 	
799.000000 	630.640015 	627.099670 	95.772224 	622.600586 	568.647034 	0.007200 	0.097846 	
800.000000 	630.979980 	623.179138 	95.683334 	618.528625 	566.724976 	0.007491 	0.094960 	
801.000000 	631.330017 	620.203979 	95.619446 	615.576233 	565.382141 	0.007490 	0.092546 	
802.000000 	631.679993 	617.753113 	95.712502 	613.212524 	564.432312 	0.007377 	0.090268 	
803.000000 	632.030029 	612.315796 	95.776390 	608.348083 	561.261108 	0.006501 	0.087062 	
804.000000 	632.380005 	608.862000 	96.695831 	605.113953 	559.268250 	0.006175 	0.084962 	
805.000000 	632.729980 	604.466125 	96.479164 	600.304016 	556.613525 	0.006909 	0.082474 	
806.000000 	633.080017 	599.479187 	96.258331 	595.372131 	553.454163 	0.006875 	0.079883 	
807.000000 	633.429993 	595.691956 	96.954170 	591.703430 	551.244263 	0.006718 	0.077546 	
808.000000 	633.780029 	593.276062 	97.020836 	589.594360 	549.742188 	0.006225 	0.076210 	
809.000000 	634.119995 	586.156616 	96.240280 	582.130371 	544.224854 	0.006893 	0.074224 	
810.000000 	634.469971 	584.942200 	95.799995 	580.841309 	544.063049 	0.007035 	0.072448 	
811.000000 	634.820007 	580.650879 	96.119446 	576.762085 	541.591492 	0.006720 	0.069638 	
812.000000 	635.169983 	576.021545 	96.034721 	572.165283 	538.081421 	0.006717 	0.068135 	
813.000000 	635.520020 	571.065186 	96.065277 	567.260803 	534.351379 	0.006684 	0.066450 	
814.000000 	635.869995 	567.851990 	95.884720 	564.409851 	532.500183 	0.006080 	0.064278 	
815.000000 	636.219971 	564.436890 	95.976387 	561.364380 	530.218933 	0.005458 	0.062539 	
816.000000 	636.559998 	561.539612 	95.779167 	557.854553 	528.114075 	0.006584 	0.061370 	
817.000000 	636.909973 	558.142944 	95.787498 	554.525574 	525.660950 	0.006502 	0.059958 	
818.000000 	637.260010 	553.435608 	96.147224 	549.760925 	522.354309 	0.006662 	0.057799 	
819.000000 	637.609985 	547.827332 	96.512497 	544.571167 	518.038513 	0.005961 	0.055911 	
820.000000 	637.960022 	545.239136 	96.069443 	542.271301 	516.313904 	0.005458 	0.054510 	
821.000000 	638.309998 	543.321594 	95.916664 	540.174622 	515.390137 	0.005809 	0.052777 	
822.000000 	638.650024 	536.276917 	95.777779 	533.567871 	509.315460 	0.005064 	0.051583 	
823.000000 	639.000000 	532.947998 	95.852776 	529.905945 	506.623260 	0.005724 	0.050656 	
824.000000 	639.349976 	531.145691 	96.227776 	528.258118 	505.828491 	0.005451 	0.048839 	
825.000000 	639.700012 	528.422241 	96.002777 	525.236877 	503.706604 	0.006046 	0.047902 	
826.000000 	640.049988 	523.622986 	96.202782 	520.339050 	499.795654 	0.006291 	0.046572 	
827.000000 	640.390015 	521.302917 	95.948608 	518.383972 	498.072754 	0.005615 	0.045585 	
828.000000 	640.739990 	517.548889 	95.722221 	514.862000 	494.858521 	0.005205 	0.044832 	
829.000000 	641.090027 	513.624756 	95.854164 	511.173553 	492.020325 	0.004784 	0.042973 	
830.000000 	641.440002 	513.978943 	99.400002 	511.732605 	493.410950 	0.004380 	0.040840 	
831.000000 	641.789978 	503.772644 	97.912498 	501.452179 	483.615112 	0.004617 	0.040836 	
832.000000 	642.130005 	504.133850 	96.545830 	501.595459 	484.730194 	0.005048 	0.039249 	
833.000000 	642.479980 	498.817810 	96.261108 	496.531281 	480.022217 	0.004594 	0.038408 	
834.000000 	642.830017 	496.475006 	96.300003 	494.004333 	477.989594 	0.004989 	0.037944 	
835.000000 	643.179993 	492.728394 	96.020836 	490.671021 	475.116669 	0.004184 	0.036398 	
836.000000 	643.520020 	488.889771 	95.980553 	486.939026 	471.908508 	0.003998 	0.035352 	
837.000000 	643.869995 	485.524139 	96.018059 	483.719452 	468.893921 	0.003724 	0.034852 	
838.000000 	644.219971 	484.292267 	95.831947 	482.397949 	468.399292 	0.003919 	0.033368 	
839.000000 	644.570007 	479.020416 	95.894447 	476.597961 	463.276917 	0.005070 	0.033419 	
840.000000 	644.909973 	474.663544 	96.083336 	472.641663 	459.632294 	0.004269 	0.032179 	
841.000000 	645.260010 	473.478821 	96.218056 	471.179779 	458.776215 	0.004868 	0.031545 	
842.000000 	645.609985 	469.240875 	95.870834 	467.184052 	454.881775 	0.004393 	0.031079 	
843.000000 	645.960022 	465.010864 	95.855553 	463.103668 	451.352783 	0.004110 	0.029811 	
844.000000 	646.299988 	465.128815 	95.718056 	462.557495 	451.248627 	0.005544 	0.030296 	
845.000000 	646.650024 	460.534454 	95.619446 	458.732178 	448.114929 	0.003921 	0.027338 	
846.000000 	647.000000 	457.133942 	98.190277 	456.151581 	445.282104 	0.002151 	0.026268 	
847.000000 	647.349976 	452.200439 	97.709724 	450.741913 	440.747559 	0.003231 	0.025653 	
848.000000 	647.690002 	449.837677 	96.476387 	448.449158 	438.485077 	0.003091 	0.025561 	
849.000000 	648.039978 	447.488983 	96.505554 	446.195007 	436.454346 	0.002896 	0.024968 	
850.000000 	648.390015 	447.237762 	98.245834 	445.525909 	436.436462 	0.003835 	0.024447 	
851.000000 	648.729980 	438.114319 	97.908333 	436.351440 	427.892700 	0.004032 	0.023607 	
852.000000 	649.080017 	437.083954 	97.015282 	435.752106 	426.879517 	0.003052 	0.023623 	
853.000000 	649.429993 	433.563446 	96.426392 	432.072510 	424.116333 	0.003445 	0.022030 	
854.000000 	649.770020 	430.545135 	96.123611 	428.964417 	421.211792 	0.003678 	0.021916 	
855.000000 	650.119995 	428.974304 	95.931946 	427.265869 	419.414429 	0.003991 	0.022538 	
856.000000 	650.469971 	423.642273 	95.781944 	422.555542 	414.772217 	0.002569 	0.021160 	
857.000000 	650.809998 	420.705475 	95.662498 	419.436951 	412.152588 	0.003020 	0.020539 	
858.000000 	651.159973 	419.203918 	95.862503 	417.928802 	410.504181 	0.003046 	0.020971 	
859.000000 	651.510010 	416.409821 	97.109726 	415.575043 	408.936096 	0.002007 	0.018111 	
860.000000 	651.849976 	409.328308 	97.026390 	408.667633 	401.903809 	0.001615 	0.018304 	
861.000000 	652.200012 	411.597992 	96.477776 	410.616241 	404.214417 	0.002388 	0.018102 	
862.000000 	652.549988 	402.764160 	95.931946 	402.095764 	396.175873 	0.001661 	0.016493 	
863.000000 	652.890015 	402.574982 	95.687500 	401.811951 	396.030731 	0.001897 	0.016389 	
864.000000 	653.239990 	398.514923 	95.881943 	397.671326 	391.967010 	0.002119 	0.016567 	
865.000000 	653.590027 	396.328308 	95.726387 	395.564362 	389.978821 	0.001930 	0.016150 	
866.000000 	653.929993 	390.884644 	95.595833 	390.154724 	385.015106 	0.001869 	0.015130 	
867.000000 	654.280029 	388.463379 	95.569443 	387.751740 	382.860260 	0.001833 	0.014529 	
868.000000 	654.630005 	387.538971 	96.155556 	386.221069 	381.803284 	0.003407 	0.014911 	
869.000000 	654.969971 	379.626221 	96.022224 	378.841370 	374.075165 	0.002069 	0.014730 	
870.000000 	655.320007 	377.448364 	95.693054 	376.775421 	372.457977 	0.001785 	0.013310 	
871.000000 	655.659973 	373.320648 	95.702782 	372.661346 	368.386292 	0.001768 	0.013306 	
872.000000 	656.010010 	371.541229 	95.873611 	370.767151 	366.418579 	0.002086 	0.013884 	
873.000000 	656.359985 	367.768066 	96.044449 	366.589264 	362.735748 	0.003211 	0.013778 	
874.000000 	656.700012 	364.915009 	96.051392 	364.066559 	360.443390 	0.002328 	0.012330 	
875.000000 	657.049988 	362.054504 	96.173615 	361.529663 	357.580566 	0.001451 	0.012434 	
876.000000 	657.390015 	356.624298 	96.106941 	356.061523 	352.321716 	0.001579 	0.012138 	
877.000000 	657.739990 	352.921082 	96.087502 	352.468475 	349.092194 	0.001283 	0.010908 	
878.000000 	658.090027 	350.025940 	96.738892 	349.623596 	346.280914 	0.001150 	0.010757 	
879.000000 	658.429993 	345.851135 	96.452782 	345.579285 	342.461792 	0.000786 	0.009848 	
880.000000 	658.780029 	345.287933 	95.822220 	344.593536 	341.672577 	0.002013 	0.010526 	
881.000000 	659.119995 	341.280396 	95.793053 	341.033020 	338.072052 	0.000725 	0.009446 	
882.000000 	659.469971 	336.719452 	95.830559 	336.424866 	333.701202 	0.000875 	0.009004 	
883.000000 	659.809998 	336.420746 	96.309723 	336.157135 	333.513184 	0.000784 	0.008680 	
884.000000 	660.159973 	331.651306 	96.354164 	331.475189 	328.866150 	0.000531 	0.008433 	
885.000000 	660.510010 	328.704773 	96.456947 	328.433807 	325.966492 	0.000824 	0.008365 	
886.000000 	660.849976 	326.439056 	96.025002 	325.921753 	323.572906 	0.001586 	0.008819 	
887.000000 	661.200012 	321.169006 	95.883331 	321.478088 	318.977081 	-0.000962 	0.006848 	
888.000000 	661.539978 	320.340454 	96.273613 	320.172577 	318.299835 	0.000524 	0.006391 	
889.000000 	661.890015 	316.034821 	96.072220 	316.192993 	314.081421 	-0.000501 	0.006200 	
890.000000 	662.229980 	315.556610 	96.302780 	315.464600 	313.449829 	0.000292 	0.006699 	
891.000000 	662.580017 	311.376831 	96.108330 	311.680786 	309.698975 	-0.000976 	0.005403 	
892.000000 	662.919983 	307.932739 	95.968056 	308.243896 	306.249146 	-0.001010 	0.005482 	
893.000000 	663.270020 	306.804260 	95.965279 	306.695587 	305.121185 	0.000354 	0.005501 	
894.000000 	663.609985 	303.755646 	95.863892 	304.033386 	302.190796 	-0.000914 	0.005165 	
895.000000 	663.960022 	300.497559 	95.805557 	300.616180 	298.991333 	-0.000395 	0.005025 	
896.000000 	664.299988 	298.294525 	96.074997 	298.593475 	296.719269 	-0.001001 	0.005295 	
897.000000 	664.650024 	296.131775 	95.829170 	296.544189 	294.948425 	-0.001392 	0.004004 	
898.000000 	664.989990 	292.587585 	95.944443 	292.778931 	291.333679 	-0.000654 	0.004294 	
899.000000 	665.340027 	290.002777 	96.047218 	289.851685 	288.740814 	0.000521 	0.004361 	
900.000000 	665.679993 	287.433411 	96.023613 	287.932373 	286.393585 	-0.001734 	0.003624 	
901.000000 	666.030029 	284.686279 	95.802780 	285.183624 	283.625336 	-0.001746 	0.003734 	
902.000000 	666.369995 	282.965179 	95.965279 	283.594513 	282.277954 	-0.002222 	0.002431 	
903.000000 	666.719971 	279.308167 	95.827774 	280.154816 	278.958679 	-0.003027 	0.001252 	
904.000000 	667.059998 	277.680298 	95.611115 	278.227478 	277.310242 	-0.001968 	0.001334 	
905.000000 	667.409973 	274.005646 	95.813889 	274.511108 	273.283508 	-0.001843 	0.002639 	
906.000000 	667.750000 	272.667877 	95.730553 	273.133026 	272.045471 	-0.001705 	0.002285 	
907.000000 	668.090027 	270.186798 	95.831947 	270.853912 	269.750854 	-0.002466 	0.001615 	
908.000000 	668.440002 	268.224915 	95.993057 	268.628693 	267.637146 	-0.001504 	0.002194 	
909.000000 	668.780029 	265.507294 	95.858337 	266.188416 	265.030731 	-0.002562 	0.001796 	
910.000000 	669.130005 	262.361115 	95.963890 	262.881775 	262.354340 	-0.001983 	0.000026 	
911.000000 	669.469971 	259.741486 	96.044441 	260.451202 	259.562836 	-0.002729 	0.000688 	
912.000000 	669.820007 	256.631866 	96.311111 	257.230194 	256.281067 	-0.002329 	0.001368 	
913.000000 	670.159973 	253.841583 	96.038887 	254.755127 	254.111633 	-0.003592 	-0.001063 	
914.000000 	670.510010 	252.816483 	95.969444 	253.514786 	252.808670 	-0.002759 	0.000031 	
915.000000 	670.849976 	251.163620 	96.090279 	252.023315 	251.374832 	-0.003417 	-0.000841 	
916.000000 	671.190002 	247.327164 	96.236115 	248.010620 	247.339417 	-0.002759 	-0.000050 	
917.000000 	671.539978 	243.914154 	95.944443 	244.737625 	243.867538 	-0.003371 	0.000191 	
918.000000 	671.880005 	243.403732 	96.086113 	244.621506 	243.913895 	-0.004991 	-0.002094 	
919.000000 	672.229980 	240.691574 	96.188889 	241.590454 	241.040283 	-0.003728 	-0.001448 	
920.000000 	672.570007 	237.713623 	96.340279 	238.570587 	238.129517 	-0.003599 	-0.001748 	
921.000000 	672.909973 	236.123871 	96.209724 	237.056030 	236.484543 	-0.003940 	-0.001526 	
922.000000 	673.260010 	233.305038 	96.027779 	233.997757 	233.759201 	-0.002964 	-0.001945 	
923.000000 	673.599976 	230.309555 	95.988892 	231.757843 	230.969452 	-0.006269 	-0.002861 	
924.000000 	673.950012 	228.411896 	95.976387 	229.158401 	228.872055 	-0.003263 	-0.002013 	
925.000000 	674.289978 	227.284637 	95.870834 	228.574814 	228.029175 	-0.005661 	-0.003270 	
926.000000 	674.630005 	224.211105 	96.226387 	225.311111 	224.939758 	-0.004894 	-0.003244 	
927.000000 	674.979980 	221.177170 	96.223610 	222.647034 	222.112320 	-0.006624 	-0.004219 	
928.000000 	675.320007 	220.182983 	96.351387 	221.465454 	221.374649 	-0.005808 	-0.005398 	
929.000000 	675.659973 	216.534729 	95.990280 	217.759720 	217.208160 	-0.005641 	-0.003105 	
930.000000 	676.010010 	214.907120 	95.856949 	216.341415 	216.029510 	-0.006652 	-0.005209 	
931.000000 	676.349976 	212.532379 	95.777779 	213.863525 	213.581604 	-0.006244 	-0.004925 	
932.000000 	676.690002 	210.400345 	95.727776 	211.573853 	211.624832 	-0.005562 	-0.005803 	
933.000000 	677.039978 	209.058075 	95.670830 	210.329712 	209.994797 	-0.006064 	-0.004470 	
934.000000 	677.380005 	205.777176 	95.711113 	207.366608 	207.056595 	-0.007694 	-0.006198 	
935.000000 	677.719971 	204.648178 	95.641670 	206.039307 	205.858856 	-0.006774 	-0.005898 	
936.000000 	678.070007 	201.674301 	95.606941 	203.167511 	202.565460 	-0.007377 	-0.004409 	
937.000000 	678.409973 	199.963028 	95.629166 	201.455063 	201.326035 	-0.007434 	-0.006793 	
938.000000 	678.750000 	198.050522 	95.841667 	199.924088 	199.514587 	-0.009416 	-0.007365 	
939.000000 	679.099976 	196.362671 	96.201385 	197.910568 	197.660065 	-0.007852 	-0.006585 	
940.000000 	679.440002 	192.183075 	95.958336 	193.656891 	193.492706 	-0.007639 	-0.006791 	
941.000000 	679.780029 	191.513626 	95.752777 	193.112976 	192.795135 	-0.008317 	-0.006669 	
942.000000 	680.130005 	189.950424 	95.634720 	191.120163 	191.385071 	-0.006139 	-0.007524 	
943.000000 	680.469971 	188.313629 	95.790276 	189.471130 	189.437851 	-0.006128 	-0.005952 	
944.000000 	680.809998 	185.394363 	96.098610 	186.808456 	186.994614 	-0.007599 	-0.008595 	
945.000000 	681.150024 	183.594620 	96.281944 	184.931641 	185.081604 	-0.007256 	-0.008067 	
946.000000 	681.500000 	181.500778 	96.275002 	182.897827 	183.128128 	-0.007668 	-0.008926 	
947.000000 	681.840027 	179.938370 	96.506943 	181.752289 	181.681076 	-0.010030 	-0.009638 	
948.000000 	682.179993 	177.324051 	96.323608 	179.032913 	179.206070 	-0.009591 	-0.010557 	
949.000000 	682.530029 	174.720657 	95.990280 	176.409729 	176.492538 	-0.009621 	-0.010090 	
950.000000 	682.869995 	174.723434 	96.062500 	176.390762 	176.556763 	-0.009498 	-0.010438 	
951.000000 	683.210022 	171.912842 	96.140282 	173.793961 	173.902954 	-0.010883 	-0.011510 	
952.000000 	683.549988 	170.056686 	95.897224 	171.696259 	171.744446 	-0.009595 	-0.009876 	
953.000000 	683.900024 	169.414246 	95.851387 	170.982849 	171.329865 	-0.009216 	-0.011244 	
954.000000 	684.239990 	165.436111 	95.988892 	167.258392 	167.303818 	-0.010955 	-0.011227 	
955.000000 	684.580017 	164.676300 	95.891670 	166.499100 	166.682816 	-0.011008 	-0.012111 	
956.000000 	684.919983 	163.147217 	95.690277 	164.923309 	165.077423 	-0.010828 	-0.011762 	
957.000000 	685.270020 	161.548691 	95.820831 	163.496552 	163.372910 	-0.011985 	-0.011229 	
958.000000 	685.609985 	159.159546 	95.751389 	161.080139 	161.113190 	-0.011995 	-0.012200 	
959.000000 	685.950012 	157.385422 	96.070831 	158.988403 	159.215622 	-0.010134 	-0.011562 	
960.000000 	686.289978 	156.521606 	96.541664 	158.436050 	158.625000 	-0.012157 	-0.013349 	
961.000000 	686.630005 	153.527863 	96.279167 	155.221375 	155.546356 	-0.010970 	-0.013062 	
962.000000 	686.979980 	151.938110 	96.173615 	153.876389 	154.012329 	-0.012676 	-0.013559 	
963.000000 	687.320007 	151.231079 	96.098610 	152.614426 	152.980560 	-0.009106 	-0.011502 	
964.000000 	687.659973 	149.013290 	95.949997 	150.639679 	150.792191 	-0.010855 	-0.011867 	
965.000000 	688.000000 	148.571609 	95.704170 	150.414856 	150.363541 	-0.012330 	-0.011989 	
966.000000 	688.340027 	146.020493 	95.576385 	147.972519 	148.096008 	-0.013279 	-0.014114 	
967.000000 	688.690002 	144.513885 	95.761108 	146.326385 	146.776382 	-0.012464 	-0.015534 	
968.000000 	689.030029 	143.224136 	95.668053 	145.118896 	145.401215 	-0.013143 	-0.015086 	
969.000000 	689.369995 	140.969971 	95.597221 	142.767990 	143.172043 	-0.012674 	-0.015500 	
970.000000 	689.710022 	139.879517 	95.598610 	141.778564 	141.913895 	-0.013485 	-0.014439 	
971.000000 	690.049988 	137.661896 	95.813889 	139.714920 	139.893402 	-0.014803 	-0.016080 	
972.000000 	690.400024 	136.522919 	95.745834 	138.310150 	138.659897 	-0.013006 	-0.015532 	
973.000000 	690.739990 	134.530640 	95.813889 	136.811111 	136.903824 	-0.016809 	-0.017487 	
974.000000 	691.080017 	132.685150 	95.824997 	134.961411 	135.057816 	-0.017010 	-0.017724 	
975.000000 	691.419983 	131.701996 	95.884720 	133.692993 	133.832993 	-0.015004 	-0.016051 	
976.000000 	691.760010 	130.345230 	95.993057 	132.597702 	132.739227 	-0.017133 	-0.018200 	
977.000000 	692.099976 	128.426132 	96.015274 	130.177109 	130.434204 	-0.013542 	-0.015515 	
978.000000 	692.440002 	126.977867 	95.779167 	128.989319 	128.827087 	-0.015717 	-0.014458 	
979.000000 	692.789978 	126.113281 	95.812500 	128.041840 	128.273956 	-0.015176 	-0.016988 	
980.000000 	693.130005 	124.251389 	95.848610 	126.666061 	126.681595 	-0.019248 	-0.019370 	
981.000000 	693.469971 	122.170135 	95.711113 	124.513344 	124.748268 	-0.018998 	-0.020883 	
982.000000 	693.809998 	121.550781 	95.787498 	123.839134 	124.039063 	-0.018651 	-0.020265 	
983.000000 	694.150024 	120.984116 	96.341667 	123.158875 	123.385941 	-0.017816 	-0.019658 	
984.000000 	694.489990 	118.589493 	96.347221 	120.985931 	120.871002 	-0.020007 	-0.019056 	
985.000000 	694.830017 	116.761200 	96.120834 	118.653625 	119.137505 	-0.016078 	-0.020147 	
986.000000 	695.169983 	115.884285 	96.343056 	118.171074 	118.349655 	-0.019541 	-0.021051 	
987.000000 	695.520020 	113.755989 	96.079163 	115.742027 	116.026039 	-0.017308 	-0.019759 	
988.000000 	695.859985 	112.662849 	96.165276 	114.828743 	115.037323 	-0.019042 	-0.020857 	
989.000000 	696.200012 	110.859894 	95.866669 	112.987137 	113.394791 	-0.019007 	-0.022608 	
990.000000 	696.539978 	109.656334 	95.794441 	111.991966 	112.199303 	-0.021076 	-0.022925 	
991.000000 	696.880005 	108.675262 	95.995834 	110.865578 	111.111458 	-0.019954 	-0.022170 	
992.000000 	697.219971 	107.389236 	96.151390 	109.529045 	109.654861 	-0.019730 	-0.020878 	
993.000000 	697.559998 	105.694183 	96.047226 	107.870712 	108.180901 	-0.020384 	-0.023255 	
994.000000 	697.900024 	103.638626 	95.865280 	105.832550 	105.987328 	-0.020948 	-0.022409 	
995.000000 	698.239990 	102.919533 	95.675003 	105.213043 	105.597916 	-0.022040 	-0.025691 	
996.000000 	698.580017 	101.387413 	95.505554 	103.569443 	103.874130 	-0.021293 	-0.024231 	
997.000000 	698.919983 	101.090889 	95.620834 	103.179710 	103.686981 	-0.020452 	-0.025356 	
998.000000 	699.260010 	99.046959 	95.631943 	101.260986 	101.508682 	-0.022107 	-0.024550 	
999.000000 	699.599976 	98.227173 	95.648613 	100.487259 	100.664406 	-0.022748 	-0.024509 	
