        Number	     Time[sec]	     HI_over_I	
0.000000	0.000000	-37.838982	
1.000000	8.100000	-39.284317	
2.000000	16.200001	-40.637318	
3.000000	24.299999	-42.311943	
4.000000	32.400002	-44.516766	
5.000000	40.500000	-46.141438	
6.000000	48.599998	-47.974304	
7.000000	56.700001	-48.430332	
8.000000	64.800003	-51.645786	
9.000000	72.900002	-52.756279	
10.000000	81.000000	-53.726391	
11.000000	89.099998	-55.736973	
12.000000	97.199997	-57.228359	
13.000000	105.300003	-56.457275	
14.000000	113.400002	-58.509853	
15.000000	121.500000	-59.527748	
16.000000	129.600006	-60.628559	
17.000000	137.699997	-62.088718	
18.000000	145.800003	-63.594883	
19.000000	153.899994	-65.869667	
20.000000	162.000000	-64.608765	
21.000000	170.100006	-65.913528	
22.000000	178.199997	-67.391960	
23.000000	186.300003	-68.438736	
24.000000	194.399994	-71.454163	
25.000000	202.500000	-73.628746	
26.000000	210.600006	-73.994827	
27.000000	218.699997	-74.863045	
28.000000	226.800003	-76.152916	
29.000000	237.380005	-81.296822	
30.000000	245.479996	-79.435387	
31.000000	257.220001	-80.311348	
32.000000	265.320007	-81.963348	
33.000000	273.420013	-84.203552	
34.000000	281.519989	-85.773613	
35.000000	289.619995	-84.468399	
36.000000	297.720001	-89.826042	
37.000000	305.820007	-99.079910	
38.000000	313.920013	-132.464096	
39.000000	322.019989	-199.874527	
40.000000	330.119995	-127.790680	
41.000000	338.220001	-119.405769	
42.000000	346.320007	-124.423386	
43.000000	354.420013	-122.159821	
44.000000	362.519989	-113.140411	
45.000000	370.619995	-44.006474	
46.000000	378.720001	-130.391205	
47.000000	386.820007	-145.269669	
48.000000	394.920013	-135.108185	
49.000000	403.019989	-149.530197	
50.000000	411.119995	-160.021225	
51.000000	419.220001	-161.636932	
52.000000	427.320007	-170.739594	
53.000000	435.420013	-150.684494	
54.000000	443.519989	-139.403152	
55.000000	453.570007	-382.965424	
56.000000	461.670013	-141.037979	
57.000000	469.769989	4322.250000	
58.000000	477.869995	179.344604	
59.000000	485.970001	21.450800	
60.000000	494.070007	-0.024662	
61.000000	502.170013	0.064069	
62.000000	510.269989	-0.066179	
63.000000	518.369995	0.081311	
64.000000	526.469971	-0.038823	
65.000000	534.570007	0.056776	
66.000000	542.669983	-0.020950	
67.000000	550.770020	0.036736	
68.000000	558.869995	-0.005388	
69.000000	566.969971	0.020481	
70.000000	575.070007	0.006176	
71.000000	583.169983	0.012451	
72.000000	591.270020	0.014620	
73.000000	599.369995	0.007616	
74.000000	607.469971	0.018859	
75.000000	663.489990	0.006928	
76.000000	671.590027	0.007725	
77.000000	679.690002	0.006186	
78.000000	687.789978	0.009833	
79.000000	695.890015	0.008030	
80.000000	703.989990	0.008277	
81.000000	712.090027	0.009829	
82.000000	720.190002	0.008323	
83.000000	728.289978	0.008530	
84.000000	736.390015	0.008140	
85.000000	744.489990	0.009823	
86.000000	752.590027	0.010054	
87.000000	760.690002	0.009644	
88.000000	768.789978	0.007805	
89.000000	776.890015	0.004567	
90.000000	784.989990	0.007332	
91.000000	793.090027	0.007862	
92.000000	801.190002	0.009549	
93.000000	809.289978	0.004669	
94.000000	817.390015	0.005995	
95.000000	825.489990	0.005914	
96.000000	833.590027	0.006171	
97.000000	841.690002	0.005231	
98.000000	849.789978	0.006113	
99.000000	857.890015	0.004783	
100.000000	865.989990	0.005088	
101.000000	874.090027	0.004516	
102.000000	882.190002	0.004419	
103.000000	890.289978	0.004429	
104.000000	898.390015	0.004965	
105.000000	906.489990	0.005669	
106.000000	914.590027	0.004991	
107.000000	922.690002	0.004317	
108.000000	930.789978	0.005907	
109.000000	938.890015	0.006272	
110.000000	946.989990	0.006390	
111.000000	955.090027	0.006900	
112.000000	963.190002	0.006327	
113.000000	971.289978	0.007871	
114.000000	979.390015	0.007258	
115.000000	987.489990	0.008624	
116.000000	995.590027	0.009784	
117.000000	1003.690002	0.010779	
118.000000	1011.789978	0.016434	
119.000000	1019.890015	0.046760	
120.000000	1027.989990	0.146043	
121.000000	1036.089966	0.262009	
122.000000	1044.189941	0.392430	
123.000000	1052.290039	0.556710	
124.000000	1060.390015	0.669417	
125.000000	1068.489990	0.737434	
126.000000	1076.589966	0.867270	
127.000000	1084.689941	0.962058	
128.000000	1092.790039	1.070371	
129.000000	1100.890015	1.180921	
130.000000	1108.989990	1.305480	
131.000000	1117.089966	1.454491	
132.000000	1125.189941	1.528268	
133.000000	1133.290039	1.605295	
134.000000	1141.390015	1.720682	
135.000000	1149.489990	1.837397	
136.000000	1157.589966	1.948125	
137.000000	1165.689941	2.067647	
138.000000	1173.790039	2.152392	
139.000000	1181.890015	2.262930	
140.000000	1189.989990	2.396360	
141.000000	1198.089966	2.535844	
142.000000	1206.189941	2.617681	
143.000000	1214.290039	2.694664	
144.000000	1222.390015	2.791575	
145.000000	1230.489990	2.869012	
146.000000	1238.589966	2.975124	
147.000000	1246.689941	3.129328	
148.000000	1254.790039	3.245378	
149.000000	1262.890015	3.279859	
150.000000	1270.989990	3.430738	
151.000000	1279.089966	3.531244	
152.000000	1287.189941	3.583240	
153.000000	1295.290039	3.709785	
154.000000	1303.390015	3.812890	
155.000000	1311.489990	3.964750	
156.000000	1319.589966	4.033238	
157.000000	1327.689941	4.092804	
158.000000	1335.790039	4.223055	
159.000000	1343.890015	4.338516	
160.000000	1351.989990	4.415925	
161.000000	1360.089966	4.495872	
162.000000	1368.189941	4.544895	
163.000000	1376.290039	4.659361	
164.000000	1384.390015	4.761415	
165.000000	1392.489990	4.911800	
166.000000	1400.589966	4.995140	
167.000000	1408.689941	5.064363	
168.000000	1416.790039	5.195032	
169.000000	1424.890015	5.290453	
170.000000	1432.989990	5.330109	
171.000000	1441.089966	5.455201	
172.000000	1449.189941	5.564150	
173.000000	1457.290039	5.625826	
174.000000	1465.390015	5.726114	
175.000000	1473.489990	5.834494	
176.000000	1481.589966	5.917145	
177.000000	1489.689941	5.984683	
178.000000	1497.790039	6.055964	
179.000000	1505.890015	6.145617	
180.000000	1513.989990	6.247692	
181.000000	1522.089966	6.323321	
182.000000	1530.189941	6.366823	
183.000000	1538.290039	6.459560	
184.000000	1546.390015	6.537277	
185.000000	1554.489990	6.630411	
186.000000	1562.589966	6.746319	
187.000000	1570.689941	6.814561	
188.000000	1578.790039	6.895290	
189.000000	1586.890015	7.001510	
190.000000	1594.989990	7.078570	
191.000000	1603.089966	7.061318	
192.000000	1611.189941	7.110973	
193.000000	1619.290039	7.186494	
194.000000	1627.390015	7.254293	
195.000000	1635.489990	7.316116	
196.000000	1672.650024	6.844753	
197.000000	1680.750000	6.866920	
198.000000	1688.849976	6.731727	
199.000000	1696.949951	6.687073	
200.000000	1705.050049	6.568537	
201.000000	1713.150024	6.549295	
202.000000	1721.250000	6.487551	
203.000000	1729.349976	6.439493	
204.000000	1737.449951	6.408299	
205.000000	1745.550049	6.349116	
206.000000	1753.650024	6.281760	
207.000000	1761.750000	6.217213	
208.000000	1769.849976	6.131379	
209.000000	1777.949951	6.054069	
210.000000	1786.050049	5.996364	
211.000000	1794.150024	5.935664	
212.000000	1802.250000	5.841885	
213.000000	1810.349976	5.784479	
214.000000	1818.449951	5.705578	
215.000000	1826.550049	5.632840	
216.000000	1834.650024	5.592724	
217.000000	1842.750000	5.507067	
218.000000	1850.849976	5.431388	
219.000000	1858.949951	5.363465	
220.000000	1867.050049	5.325386	
221.000000	1875.150024	5.229477	
222.000000	1883.250000	5.194483	
223.000000	1891.349976	5.128030	
224.000000	1899.449951	5.101845	
225.000000	1907.550049	5.029258	
226.000000	1915.650024	4.964856	
227.000000	1923.750000	4.902946	
228.000000	1931.849976	4.861139	
229.000000	1939.949951	4.792848	
230.000000	1948.050049	4.719402	
231.000000	1956.150024	4.727421	
232.000000	1964.250000	4.658393	
233.000000	1972.349976	4.592005	
234.000000	1980.449951	4.556527	
235.000000	1988.550049	4.513453	
236.000000	1996.650024	4.466685	
237.000000	2004.750000	4.407083	
238.000000	2012.849976	4.385397	
239.000000	2020.949951	4.325444	
240.000000	2029.050049	4.272345	
241.000000	2037.150024	4.209038	
242.000000	2045.250000	4.170732	
243.000000	2053.350098	4.140822	
244.000000	2061.449951	4.114787	
245.000000	2069.550049	4.045121	
246.000000	2077.649902	4.021385	
247.000000	2085.750000	3.959819	
248.000000	2093.850098	3.920850	
249.000000	2101.949951	3.879423	
250.000000	2110.050049	3.863596	
251.000000	2118.149902	3.828725	
252.000000	2126.250000	3.815079	
253.000000	2134.350098	3.759413	
254.000000	2142.449951	3.700269	
255.000000	2150.550049	3.692980	
256.000000	2158.649902	3.662344	
257.000000	2166.750000	3.604828	
258.000000	2174.850098	3.543117	
259.000000	2182.949951	3.478129	
260.000000	2191.050049	3.444673	
261.000000	2199.149902	3.392624	
262.000000	2207.250000	3.355247	
263.000000	2215.350098	3.334914	
264.000000	2223.449951	3.310265	
265.000000	2231.550049	3.267601	
266.000000	2239.649902	3.247504	
267.000000	2247.750000	3.218450	
268.000000	2255.850098	3.172999	
269.000000	2263.949951	3.151477	
270.000000	2272.050049	3.128791	
271.000000	2280.149902	3.089905	
272.000000	2288.250000	3.058523	
273.000000	2296.350098	3.028147	
274.000000	2304.449951	2.996850	
275.000000	2312.550049	2.959152	
276.000000	2320.649902	2.939231	
277.000000	2328.750000	2.908080	
278.000000	2336.850098	2.883415	
279.000000	2344.949951	2.847965	
280.000000	2353.050049	2.828786	
281.000000	2361.149902	2.797766	
282.000000	2369.250000	2.774462	
283.000000	2377.350098	2.745522	
284.000000	2385.449951	2.722681	
285.000000	2393.550049	2.691803	
286.000000	2401.649902	2.651558	
287.000000	2409.750000	2.624863	
288.000000	2417.850098	2.603510	
289.000000	2425.949951	2.592947	
290.000000	2434.050049	2.564890	
291.000000	2442.149902	2.529680	
292.000000	2450.250000	2.508689	
293.000000	2458.350098	2.484103	
294.000000	2466.449951	2.465373	
295.000000	2474.550049	2.438595	
296.000000	2482.649902	2.407203	
297.000000	2490.750000	2.389782	
298.000000	2498.850098	2.363137	
299.000000	2506.949951	2.341983	
300.000000	2515.050049	2.320593	
301.000000	2523.149902	2.296274	
302.000000	2531.250000	2.280119	
303.000000	2539.350098	2.261180	
304.000000	2547.449951	2.244927	
305.000000	2555.550049	2.221281	
306.000000	2563.649902	2.204587	
307.000000	2571.750000	2.180353	
308.000000	2579.850098	2.164583	
309.000000	2587.949951	2.151367	
310.000000	2596.050049	2.126653	
311.000000	2604.149902	2.107091	
312.000000	2612.250000	2.096169	
313.000000	2620.350098	2.065383	
314.000000	2628.449951	2.038792	
315.000000	2636.550049	2.023253	
316.000000	2644.649902	2.003084	
317.000000	2652.750000	1.990719	
318.000000	2660.850098	1.965755	
319.000000	2668.949951	1.944165	
320.000000	2677.050049	1.929175	
321.000000	2685.149902	1.909558	
322.000000	2693.250000	1.889621	
323.000000	2701.350098	1.872540	
324.000000	2709.449951	1.863886	
325.000000	2717.550049	1.854868	
326.000000	2725.649902	1.837891	
327.000000	2733.750000	1.819011	
328.000000	2741.850098	1.807132	
329.000000	2749.949951	1.790520	
330.000000	2758.050049	1.776680	
331.000000	2766.149902	1.762701	
332.000000	2774.250000	1.746576	
333.000000	2782.350098	1.733428	
334.000000	2790.449951	1.723149	
335.000000	2798.550049	1.708981	
336.000000	2806.649902	1.696579	
337.000000	2814.750000	1.670741	
338.000000	2822.850098	1.663455	
339.000000	2830.949951	1.649857	
340.000000	2839.050049	1.632126	
341.000000	2847.149902	1.606854	
342.000000	2855.250000	1.603236	
343.000000	2863.350098	1.590341	
344.000000	2871.449951	1.571470	
345.000000	2879.550049	1.555706	
346.000000	2887.649902	1.546411	
347.000000	2895.750000	1.530014	
348.000000	2903.850098	1.511538	
349.000000	2911.949951	1.497497	
350.000000	2920.050049	1.484980	
351.000000	2928.149902	1.475706	
352.000000	2936.250000	1.463886	
353.000000	2944.350098	1.447596	
354.000000	2952.449951	1.438384	
355.000000	2960.550049	1.425318	
356.000000	2968.649902	1.407004	
357.000000	2976.750000	1.391049	
358.000000	2984.850098	1.382865	
359.000000	2992.949951	1.366756	
360.000000	3001.050049	1.355563	
361.000000	3009.149902	1.342872	
362.000000	3017.250000	1.331904	
363.000000	3025.350098	1.321146	
364.000000	3033.449951	1.302921	
365.000000	3041.550049	1.294319	
366.000000	3049.649902	1.282566	
367.000000	3063.790039	1.267759	
368.000000	3071.889893	1.254450	
369.000000	3079.989990	1.245443	
370.000000	3088.090088	1.233559	
371.000000	3096.189941	1.228807	
372.000000	3104.290039	1.219382	
373.000000	3112.389893	1.211109	
374.000000	3120.489990	1.199597	
375.000000	3128.590088	1.189148	
376.000000	3136.689941	1.178330	
377.000000	3144.790039	1.167163	
378.000000	3152.889893	1.153528	
379.000000	3160.989990	1.145288	
380.000000	3169.090088	1.140672	
381.000000	3177.189941	1.130407	
382.000000	3185.290039	1.119777	
383.000000	3193.389893	1.104651	
384.000000	3201.489990	1.094551	
385.000000	3209.590088	1.085765	
386.000000	3217.689941	1.074658	
387.000000	3225.790039	1.068296	
388.000000	3233.889893	1.059606	
389.000000	3241.989990	1.052620	
390.000000	3250.090088	1.047180	
391.000000	3258.189941	1.037852	
392.000000	3266.290039	1.026504	
393.000000	3274.389893	1.020245	
394.000000	3282.489990	1.012499	
395.000000	3290.590088	1.002431	
396.000000	3298.689941	0.995484	
397.000000	3306.790039	0.990121	
398.000000	3314.889893	0.977894	
399.000000	3322.989990	0.969864	
400.000000	3331.090088	0.961056	
401.000000	3339.189941	0.955040	
402.000000	3347.290039	0.947282	
403.000000	3355.389893	0.938476	
404.000000	3363.489990	0.929946	
405.000000	3371.590088	0.927692	
406.000000	3379.689941	0.920135	
407.000000	3387.790039	0.906228	
408.000000	3395.889893	0.901941	
409.000000	3403.989990	0.893917	
410.000000	3412.090088	0.888797	
411.000000	3420.189941	0.880826	
412.000000	3428.290039	0.875717	
413.000000	3436.389893	0.867799	
414.000000	3444.489990	0.860713	
415.000000	3452.590088	0.852449	
416.000000	3460.689941	0.848324	
417.000000	3468.790039	0.836561	
418.000000	3476.889893	0.830818	
419.000000	3484.989990	0.825088	
420.000000	3493.090088	0.817555	
421.000000	3501.189941	0.813187	
422.000000	3509.290039	0.808275	
423.000000	3517.389893	0.800633	
424.000000	3525.489990	0.794585	
425.000000	3533.590088	0.788777	
426.000000	3541.689941	0.781997	
427.000000	3549.790039	0.774773	
428.000000	3557.889893	0.767212	
429.000000	3565.989990	0.763755	
430.000000	3574.090088	0.755371	
431.000000	3582.189941	0.749934	
432.000000	3590.290039	0.747318	
433.000000	3598.389893	0.736920	
434.000000	3606.489990	0.729998	
435.000000	3614.590088	0.724572	
436.000000	3622.689941	0.721386	
437.000000	3630.790039	0.714669	
438.000000	3638.889893	0.708144	
439.000000	3646.989990	0.697547	
440.000000	3655.090088	0.694465	
441.000000	3663.189941	0.690074	
442.000000	3671.290039	0.686371	
443.000000	3679.389893	0.680373	
444.000000	3687.489990	0.673068	
445.000000	3695.590088	0.670886	
446.000000	3703.689941	0.666676	
447.000000	3711.790039	0.660988	
448.000000	3719.889893	0.652796	
449.000000	3727.989990	0.647342	
450.000000	3736.090088	0.640967	
451.000000	3744.189941	0.637419	
452.000000	3752.290039	0.629787	
453.000000	3782.750000	0.613178	
454.000000	3790.850098	0.609596	
455.000000	3798.949951	0.604657	
456.000000	3807.050049	0.600786	
457.000000	3815.149902	0.594489	
458.000000	3823.250000	0.588344	
459.000000	3831.350098	0.582125	
460.000000	3839.449951	0.576546	
461.000000	3847.550049	0.573632	
462.000000	3855.649902	0.570197	
463.000000	3863.750000	0.565194	
464.000000	3871.850098	0.559005	
465.000000	3879.949951	0.554459	
466.000000	3888.050049	0.549441	
467.000000	3896.149902	0.545243	
468.000000	3904.250000	0.540527	
469.000000	3912.350098	0.537810	
470.000000	3920.449951	0.532341	
471.000000	3928.550049	0.527346	
472.000000	3936.649902	0.524756	
473.000000	3944.750000	0.520792	
474.000000	3952.850098	0.515098	
475.000000	3960.949951	0.512485	
476.000000	3969.050049	0.510514	
477.000000	3977.149902	0.505962	
478.000000	3985.250000	0.502184	
479.000000	3993.350098	0.498636	
480.000000	4001.449951	0.495710	
481.000000	4009.550049	0.491886	
482.000000	4017.649902	0.487265	
483.000000	4025.750000	0.483819	
484.000000	4033.850098	0.481408	
485.000000	4041.949951	0.478530	
486.000000	4050.050049	0.473640	
487.000000	4058.149902	0.470787	
488.000000	4066.250000	0.467004	
489.000000	4074.350098	0.462262	
490.000000	4082.449951	0.458577	
491.000000	4090.550049	0.456389	
492.000000	4098.649902	0.452217	
493.000000	4106.750000	0.448225	
494.000000	4114.850098	0.444207	
495.000000	4122.950195	0.439557	
496.000000	4131.049805	0.436174	
497.000000	4139.149902	0.432396	
498.000000	4147.250000	0.430146	
499.000000	4155.350098	0.425186	
500.000000	4163.450195	0.421960	
501.000000	4171.549805	0.419054	
502.000000	4179.649902	0.416719	
503.000000	4187.750000	0.411851	
504.000000	4195.850098	0.408792	
505.000000	4203.950195	0.406419	
506.000000	4212.049805	0.404779	
507.000000	4220.149902	0.401679	
508.000000	4228.250000	0.397336	
509.000000	4236.350098	0.395131	
510.000000	4244.450195	0.389690	
511.000000	4252.549805	0.389299	
512.000000	4260.649902	0.387059	
513.000000	4268.750000	0.381852	
514.000000	4276.850098	0.379880	
515.000000	4284.950195	0.375061	
516.000000	4293.049805	0.372498	
517.000000	4301.149902	0.371888	
518.000000	4309.250000	0.368133	
519.000000	4317.350098	0.366656	
520.000000	4325.450195	0.363167	
521.000000	4333.549805	0.362775	
522.000000	4341.649902	0.359429	
523.000000	4349.750000	0.355790	
524.000000	4357.850098	0.354634	
525.000000	4365.950195	0.351742	
526.000000	4374.049805	0.348754	
527.000000	4382.149902	0.345836	
528.000000	4390.250000	0.343518	
529.000000	4398.350098	0.342621	
530.000000	4406.450195	0.338913	
531.000000	4414.549805	0.336244	
532.000000	4422.649902	0.333319	
533.000000	4430.750000	0.331048	
534.000000	4438.850098	0.328587	
535.000000	4446.950195	0.325939	
536.000000	4455.049805	0.323690	
537.000000	4463.149902	0.321927	
538.000000	4471.250000	0.319849	
539.000000	4479.350098	0.318134	
540.000000	4487.450195	0.316114	
541.000000	4495.549805	0.314364	
542.000000	4503.649902	0.311900	
543.000000	4511.750000	0.307910	
544.000000	4519.850098	0.304945	
545.000000	4527.950195	0.303277	
546.000000	4536.049805	0.298580	
547.000000	4544.149902	0.298264	
548.000000	4552.250000	0.296768	
549.000000	4560.350098	0.294428	
550.000000	4568.450195	0.291821	
551.000000	4576.549805	0.289997	
552.000000	4584.649902	0.287700	
553.000000	4592.750000	0.285960	
554.000000	4600.850098	0.282507	
555.000000	4608.950195	0.279134	
556.000000	4617.049805	0.278379	
557.000000	4625.149902	0.276796	
558.000000	4633.250000	0.273183	
559.000000	4641.350098	0.271728	
560.000000	4649.450195	0.270851	
561.000000	4657.549805	0.269322	
562.000000	4665.649902	0.267411	
563.000000	4673.750000	0.266350	
564.000000	4681.850098	0.264524	
565.000000	4689.950195	0.261901	
566.000000	4698.049805	0.261308	
567.000000	4706.149902	0.260071	
568.000000	4714.250000	0.258178	
569.000000	4722.350098	0.256357	
570.000000	4730.450195	0.254696	
571.000000	4738.549805	0.253342	
572.000000	4746.649902	0.250491	
573.000000	4754.750000	0.249700	
574.000000	4762.850098	0.248768	
575.000000	4770.950195	0.246759	
576.000000	4779.049805	0.245058	
577.000000	4787.149902	0.243812	
578.000000	4795.250000	0.242382	
579.000000	4803.350098	0.240213	
580.000000	4811.450195	0.239594	
581.000000	4819.549805	0.237188	
582.000000	4827.649902	0.236165	
583.000000	4835.750000	0.235767	
584.000000	4843.850098	0.232705	
585.000000	4851.950195	0.231847	
586.000000	4860.049805	0.230402	
587.000000	4868.149902	0.229065	
588.000000	4876.250000	0.227714	
589.000000	4884.350098	0.225877	
590.000000	4892.450195	0.224429	
591.000000	4900.549805	0.222475	
592.000000	4908.649902	0.222257	
593.000000	4916.750000	0.219670	
594.000000	4924.850098	0.218790	
595.000000	4932.950195	0.216619	
596.000000	4941.049805	0.214365	
597.000000	4949.149902	0.213124	
598.000000	4957.250000	0.212454	
599.000000	4965.350098	0.210982	
600.000000	4973.450195	0.212516	
601.000000	4981.549805	0.211790	
602.000000	4989.649902	0.209849	
603.000000	4997.750000	0.209626	
604.000000	5005.850098	0.212766	
605.000000	5013.950195	0.209389	
606.000000	5022.049805	0.209886	
607.000000	5030.149902	0.209546	
608.000000	5038.250000	0.205997	
609.000000	5046.350098	0.207347	
610.000000	5054.450195	0.206027	
611.000000	5062.549805	0.203720	
612.000000	5070.649902	0.201070	
613.000000	5078.750000	0.201108	
614.000000	5086.850098	0.197495	
615.000000	5094.950195	0.418421	
616.000000	5103.049805	-221.048965	
617.000000	5111.149902	7.920878	
618.000000	5119.250000	18.156538	
619.000000	5127.350098	193.067520	
620.000000	5135.450195	90.084404	
621.000000	5143.549805	-880.838562	
622.000000	5171.299805	-508.761169	
623.000000	5179.399902	64.605621	
624.000000	5194.399902	425.481567	
625.000000	5202.500000	-325.117126	
626.000000	5210.600098	8073.844238	
627.000000	5218.700195	-1071.048462	
628.000000	5226.799805	-1254.276978	
629.000000	5234.899902	-420.841156	
630.000000	5243.000000	-1849.901489	
631.000000	5251.100098	-180.709015	
632.000000	5259.200195	1.#INF00	
633.000000	5267.299805	-574.281189	
634.000000	5275.399902	1403.591064	
635.000000	5283.500000	-385.161713	
636.000000	5291.600098	-1806.853271	
637.000000	5299.700195	-1841.073364	
638.000000	5307.799805	-2115.706543	
639.000000	5315.899902	2614.431152	
640.000000	5324.000000	-2430.582520	
641.000000	5332.100098	-667.331055	
642.000000	5340.200195	-1076.585571	
643.000000	5348.299805	-534.950745	
644.000000	5356.399902	-981.215698	
645.000000	5364.500000	-915.398499	
646.000000	5382.200195	-2091.512695	
647.000000	5390.299805	-499.073181	
648.000000	5413.310059	-2310.372803	
649.000000	5421.410156	1040.351563	
650.000000	5429.509766	-609.929016	
651.000000	5437.609863	-2820.007813	
652.000000	5445.709961	-857.546753	
653.000000	5453.810059	-458.002594	
654.000000	5461.910156	-1558.400635	
655.000000	5470.009766	-918.846680	
656.000000	5478.109863	-122.333221	
657.000000	5486.209961	-554.501099	
658.000000	5494.310059	-867.097412	
659.000000	5502.410156	-188.396317	
660.000000	5510.509766	-1848.487305	
661.000000	5518.609863	-182.699173	
662.000000	5526.709961	-734.313660	
663.000000	5534.810059	4798.506348	
664.000000	5542.910156	1.#INF00	
665.000000	5551.009766	421.041779	
666.000000	5559.109863	-1019.536133	
667.000000	5567.209961	-2472.572510	
668.000000	5575.310059	-873.997070	
669.000000	5583.410156	-2053.478271	
670.000000	5591.509766	-375.168243	
671.000000	5599.609863	82.163551	
672.000000	5607.709961	551.924622	
673.000000	5615.810059	-702.356628	
674.000000	5623.910156	88.971474	
675.000000	5632.009766	-1187.801758	
676.000000	5640.109863	784.918396	
677.000000	5648.209961	395.349518	
678.000000	5656.310059	763.259094	
679.000000	5664.410156	2015.786865	
680.000000	5672.509766	-1229.952026	
681.000000	5680.609863	343.240295	
682.000000	5688.709961	2746.895996	
683.000000	5696.810059	2015.530762	
684.000000	5704.910156	1510.418213	
685.000000	5713.009766	-348.167542	
686.000000	5721.109863	559.228394	
687.000000	5729.209961	3674.729248	
688.000000	5737.310059	824.421936	
689.000000	5745.410156	365.574768	
690.000000	5753.509766	1324.098755	
691.000000	5761.609863	2246.392090	
692.000000	5769.709961	214.123322	
693.000000	5777.810059	1.#INF00	
694.000000	5785.910156	-416.243103	
695.000000	5794.009766	1.#INF00	
696.000000	5802.109863	328.108551	
697.000000	5810.209961	824.232849	
698.000000	5818.310059	-699.349731	
699.000000	5826.410156	-491.332489	
700.000000	5834.509766	914.782959	
701.000000	5842.609863	375.153198	
702.000000	5850.709961	912.026489	
703.000000	5858.810059	7.099733	
704.000000	5866.910156	0.068079	
705.000000	5875.009766	0.009799	
706.000000	5883.109863	0.054955	
707.000000	5920.410156	0.052748	
708.000000	5928.509766	0.050419	
709.000000	5936.609863	0.043112	
710.000000	5944.709961	0.045304	
711.000000	5952.810059	0.040996	
712.000000	5960.910156	0.040704	
713.000000	5969.009766	0.040135	
714.000000	5977.109863	0.039088	
715.000000	6008.419922	0.035402	
716.000000	6016.520020	0.034209	
717.000000	6024.620117	0.034544	
718.000000	6057.709961	0.031055	
719.000000	6065.810059	0.031416	
720.000000	6073.910156	0.030200	
721.000000	6082.009766	0.032472	
722.000000	6090.109863	0.024949	
723.000000	6098.209961	0.025529	
724.000000	6106.310059	0.026238	
725.000000	6114.410156	0.021378	
726.000000	6122.509766	0.026471	
727.000000	6130.609863	0.021941	
728.000000	6163.319824	0.023409	
729.000000	6171.419922	0.021640	
730.000000	6179.520020	0.021544	
731.000000	6187.620117	0.020814	
732.000000	6195.720215	0.020681	
733.000000	6203.819824	0.019842	
734.000000	6211.919922	0.019169	
735.000000	6220.020020	0.020211	
736.000000	6228.120117	0.017366	
737.000000	6236.220215	0.018537	
738.000000	6244.319824	0.016800	
739.000000	6252.419922	0.015456	
740.000000	6260.520020	0.017553	
741.000000	6268.620117	0.014675	
742.000000	6276.720215	0.017136	
743.000000	6284.819824	0.015624	
744.000000	6292.919922	0.016335	
745.000000	6301.020020	0.016311	
746.000000	6309.120117	0.011696	
747.000000	6317.220215	0.015806	
748.000000	6325.319824	0.013526	
749.000000	6333.419922	0.014000	
750.000000	6341.520020	0.015622	
751.000000	6349.620117	0.011945	
752.000000	6357.720215	0.014158	
753.000000	6365.819824	0.012311	
754.000000	6373.919922	0.013147	
755.000000	6382.020020	0.012457	
756.000000	6390.120117	0.012827	
757.000000	6412.640137	0.012575	
758.000000	6420.740234	0.011447	
759.000000	6428.839844	0.011022	
760.000000	6436.939941	0.010269	
761.000000	6445.040039	0.010205	
762.000000	6453.140137	0.007673	
763.000000	6461.240234	0.010579	
764.000000	6469.339844	0.007056	
765.000000	6477.439941	0.009656	
766.000000	6485.540039	0.006649	
767.000000	6493.640137	0.006612	
768.000000	6501.740234	0.007442	
769.000000	6509.839844	0.006158	
770.000000	6517.939941	0.007020	
771.000000	6526.040039	0.005069	
772.000000	6534.140137	0.007919	
773.000000	6542.240234	0.004827	
774.000000	6553.250000	0.005896	
775.000000	6561.350098	0.007683	
776.000000	6569.450195	0.006367	
777.000000	6577.549805	0.008797	
778.000000	6585.649902	0.006695	
779.000000	6593.750000	0.008078	
780.000000	6601.850098	0.006050	
781.000000	6609.950195	0.004889	
782.000000	6618.049805	0.006012	
783.000000	6626.149902	0.003555	
784.000000	6634.250000	0.006097	
785.000000	6642.350098	0.004520	
786.000000	6650.450195	0.004423	
787.000000	6658.549805	0.004449	
788.000000	6666.649902	0.003803	
789.000000	6674.750000	0.004484	
790.000000	6682.850098	0.003341	
791.000000	6690.950195	0.003521	
792.000000	6699.049805	0.002710	
793.000000	6707.149902	0.000635	
794.000000	6715.250000	0.003064	
795.000000	6723.350098	0.000249	
796.000000	6731.450195	0.003448	
797.000000	6739.549805	0.001265	
798.000000	6747.649902	0.003353	
799.000000	6755.750000	0.001184	
800.000000	6763.850098	0.001656	
801.000000	6771.950195	0.000660	
802.000000	6780.049805	0.001235	
803.000000	6788.149902	0.000931	
804.000000	6796.250000	0.000606	
805.000000	6804.350098	0.000680	
806.000000	6812.450195	0.000475	
807.000000	6820.549805	0.000132	
808.000000	6828.649902	0.000020	
809.000000	6836.750000	-0.000165	
810.000000	6844.850098	-0.000780	
811.000000	6852.950195	-0.001287	
812.000000	6861.049805	-0.001083	
813.000000	6869.149902	-0.000913	
814.000000	6877.250000	-0.001134	
815.000000	6885.350098	-0.001680	
816.000000	6893.450195	-0.001257	
817.000000	6901.549805	-0.002666	
818.000000	6909.649902	-0.002272	
819.000000	6917.750000	-0.002011	
820.000000	6925.850098	-0.001590	
821.000000	6933.950195	-0.002112	
822.000000	6942.049805	-0.001855	
823.000000	6950.149902	-0.001288	
824.000000	6958.250000	-0.763481	
825.000000	6966.350098	-1.#IND00	
826.000000	6974.450195	-1.#IND00	
827.000000	6982.549805	-1.#IND00	
828.000000	6990.649902	-1.#IND00	
829.000000	6998.750000	-1.#IND00	
830.000000	7006.850098	-1.#IND00	
831.000000	7014.950195	-1.#IND00	
832.000000	7023.049805	-1.#IND00	
833.000000	7031.149902	-1.#IND00	
834.000000	7039.250000	-1.#IND00	
835.000000	7047.350098	-1.#IND00	
836.000000	7055.450195	-1.#IND00	
837.000000	7063.549805	-1.#IND00	
0.000000	0.000000	-1.#IND00	
0.000000	0.000000	-1.#IND00	
0.000000	0.000000	-1.#IND00	
0.000000	0.000000	-1.#IND00	
0.000000	0.000000	-1.#IND00	
0.000000	0.000000	-1.#IND00	
0.000000	0.000000	-1.#IND00	
0.000000	0.000000	-1.#IND00	
0.000000	0.000000	-1.#IND00	
0.000000	0.000000	-1.#IND00	
0.000000	0.000000	-1.#IND00	
0.000000	0.000000	-1.#IND00	
0.000000	0.000000	-1.#IND00	
0.000000	0.000000	-1.#IND00	
0.000000	0.000000	-1.#IND00	
0.000000	0.000000	-1.#IND00	
0.000000	0.000000	-1.#IND00	
0.000000	0.000000	-1.#IND00	
0.000000	0.000000	-1.#IND00	
0.000000	0.000000	-1.#IND00	
0.000000	0.000000	-1.#IND00	
0.000000	0.000000	-1.#IND00	
0.000000	0.000000	-1.#IND00	
0.000000	0.000000	-1.#IND00	
0.000000	0.000000	-1.#IND00	
0.000000	0.000000	-1.#IND00	
0.000000	0.000000	-1.#IND00	
0.000000	0.000000	-1.#IND00	
0.000000	0.000000	-1.#IND00	
0.000000	0.000000	-1.#IND00	
0.000000	0.000000	-1.#IND00	
0.000000	0.000000	-1.#IND00	
0.000000	0.000000	-1.#IND00	
0.000000	0.000000	-1.#IND00	
0.000000	0.000000	-1.#IND00	
0.000000	0.000000	-1.#IND00	
0.000000	0.000000	-1.#IND00	
0.000000	0.000000	-1.#IND00	
0.000000	0.000000	-1.#IND00	
0.000000	0.000000	-1.#IND00	
0.000000	0.000000	-1.#IND00	
0.000000	0.000000	-1.#IND00	
0.000000	0.000000	-1.#IND00	
0.000000	0.000000	-1.#IND00	
0.000000	0.000000	-1.#IND00	
0.000000	0.000000	-1.#IND00	
0.000000	0.000000	-1.#IND00	
0.000000	0.000000	-1.#IND00	
0.000000	0.000000	-1.#IND00	
0.000000	0.000000	-1.#IND00	
0.000000	0.000000	-1.#IND00	
0.000000	0.000000	-1.#IND00	
0.000000	0.000000	-1.#IND00	
0.000000	0.000000	-1.#IND00	
0.000000	0.000000	-1.#IND00	
0.000000	0.000000	-1.#IND00	
0.000000	0.000000	-1.#IND00	
0.000000	0.000000	-1.#IND00	
0.000000	0.000000	-1.#IND00	
0.000000	0.000000	-1.#IND00	
0.000000	0.000000	-1.#IND00	
0.000000	0.000000	-1.#IND00	
0.000000	0.000000	-1.#IND00	
0.000000	0.000000	-1.#IND00	
0.000000	0.000000	-1.#IND00	
0.000000	0.000000	-1.#IND00	
0.000000	0.000000	-1.#IND00	
0.000000	0.000000	-1.#IND00	
0.000000	0.000000	-1.#IND00	
0.000000	0.000000	-1.#IND00	
0.000000	0.000000	-1.#IND00	
0.000000	0.000000	-1.#IND00	
0.000000	0.000000	-1.#IND00	
0.000000	0.000000	-1.#IND00	
0.000000	0.000000	-1.#IND00	
0.000000	0.000000	-1.#IND00	
0.000000	0.000000	-1.#IND00	
0.000000	0.000000	-1.#IND00	
0.000000	0.000000	-1.#IND00	
0.000000	0.000000	-1.#IND00	
0.000000	0.000000	-1.#IND00	
0.000000	0.000000	-1.#IND00	
0.000000	0.000000	-1.#IND00	
0.000000	0.000000	-1.#IND00	
0.000000	0.000000	-1.#IND00	
0.000000	0.000000	-1.#IND00	
0.000000	0.000000	-1.#IND00	
0.000000	0.000000	-1.#IND00	
0.000000	0.000000	-1.#IND00	
0.000000	0.000000	-1.#IND00	
0.000000	0.000000	-1.#IND00	
0.000000	0.000000	-1.#IND00	
0.000000	0.000000	-1.#IND00	
0.000000	0.000000	-1.#IND00	
0.000000	0.000000	-1.#IND00	
0.000000	0.000000	-1.#IND00	
0.000000	0.000000	-1.#IND00	
0.000000	0.000000	-1.#IND00	
0.000000	0.000000	-1.#IND00	
0.000000	0.000000	-1.#IND00	
0.000000	0.000000	-1.#IND00	
0.000000	0.000000	-1.#IND00	
0.000000	0.000000	-1.#IND00	
0.000000	0.000000	-1.#IND00	
0.000000	0.000000	-1.#IND00	
0.000000	0.000000	-1.#IND00	
0.000000	0.000000	-1.#IND00	
0.000000	0.000000	-1.#IND00	
0.000000	0.000000	-1.#IND00	
0.000000	0.000000	-1.#IND00	
0.000000	0.000000	-1.#IND00	
0.000000	0.000000	-1.#IND00	
0.000000	0.000000	-1.#IND00	
0.000000	0.000000	-1.#IND00	
0.000000	0.000000	-1.#IND00	
0.000000	0.000000	-1.#IND00	
0.000000	0.000000	-1.#IND00	
0.000000	0.000000	-1.#IND00	
0.000000	0.000000	-1.#IND00	
0.000000	0.000000	-1.#IND00	
0.000000	0.000000	-1.#IND00	
0.000000	0.000000	-1.#IND00	
0.000000	0.000000	-1.#IND00	
0.000000	0.000000	-1.#IND00	
0.000000	0.000000	-1.#IND00	
0.000000	0.000000	-1.#IND00	
0.000000	0.000000	-1.#IND00	
0.000000	0.000000	-1.#IND00	
0.000000	0.000000	-1.#IND00	
0.000000	0.000000	-1.#IND00	
0.000000	0.000000	-1.#IND00	
0.000000	0.000000	-1.#IND00	
0.000000	0.000000	-1.#IND00	
0.000000	0.000000	-1.#IND00	
0.000000	0.000000	-1.#IND00	
0.000000	0.000000	-1.#IND00	
0.000000	0.000000	-1.#IND00	
0.000000	0.000000	-1.#IND00	
0.000000	0.000000	-1.#IND00	
0.000000	0.000000	-1.#IND00	
0.000000	0.000000	-1.#IND00	
0.000000	0.000000	-1.#IND00	
0.000000	0.000000	-1.#IND00	
0.000000	0.000000	-1.#IND00	
0.000000	0.000000	-1.#IND00	
0.000000	0.000000	-1.#IND00	
0.000000	0.000000	-1.#IND00	
0.000000	0.000000	-1.#IND00	
0.000000	0.000000	-1.#IND00	
0.000000	0.000000	-1.#IND00	
0.000000	0.000000	-1.#IND00	
0.000000	0.000000	-1.#IND00	
0.000000	0.000000	-1.#IND00	
0.000000	0.000000	-1.#IND00	
0.000000	0.000000	-1.#IND00	
0.000000	0.000000	-1.#IND00	
0.000000	0.000000	-1.#IND00	
0.000000	0.000000	-1.#IND00	
0.000000	0.000000	-1.#IND00	
0.000000	0.000000	-1.#IND00	
0.000000	0.000000	-1.#IND00	
0.000000	0.000000	-1.#IND00	
0.000000	0.000000	-1.#IND00	
0.000000	0.000000	-1.#IND00	
0.000000	0.000000	-1.#IND00	
0.000000	0.000000	-1.#IND00	
0.000000	0.000000	-1.#IND00	
0.000000	0.000000	-1.#IND00	
0.000000	0.000000	-1.#IND00	
0.000000	0.000000	-1.#IND00	
0.000000	0.000000	-1.#IND00	
0.000000	0.000000	-1.#IND00	
0.000000	0.000000	-1.#IND00	
0.000000	0.000000	-1.#IND00	
0.000000	0.000000	-1.#IND00	
0.000000	0.000000	-1.#IND00	
0.000000	0.000000	-1.#IND00	
0.000000	0.000000	-1.#IND00	
0.000000	0.000000	-1.#IND00	
0.000000	0.000000	-1.#IND00	
0.000000	0.000000	-1.#IND00	
0.000000	0.000000	-1.#IND00	
0.000000	0.000000	-1.#IND00	
0.000000	0.000000	-1.#IND00	
0.000000	0.000000	-1.#IND00	
0.000000	0.000000	-1.#IND00	
0.000000	0.000000	-1.#IND00	
0.000000	0.000000	-1.#IND00	
0.000000	0.000000	-1.#IND00	
0.000000	0.000000	-1.#IND00	
0.000000	0.000000	-1.#IND00	
0.000000	0.000000	-1.#IND00	
0.000000	0.000000	-1.#IND00	
0.000000	0.000000	-1.#IND00	
0.000000	0.000000	-1.#IND00	
0.000000	0.000000	-1.#IND00	
0.000000	0.000000	-1.#IND00	
0.000000	0.000000	-1.#IND00	
0.000000	0.000000	-1.#IND00	
0.000000	0.000000	-1.#IND00	
0.000000	0.000000	-1.#IND00	
0.000000	0.000000	-1.#IND00	
0.000000	0.000000	-1.#IND00	
0.000000	0.000000	-1.#IND00	
0.000000	0.000000	-1.#IND00	
0.000000	0.000000	-1.#IND00	
0.000000	0.000000	-1.#IND00	
0.000000	0.000000	-1.#IND00	
0.000000	0.000000	-1.#IND00	
0.000000	0.000000	-1.#IND00	
0.000000	0.000000	-1.#IND00	
0.000000	0.000000	-1.#IND00	
0.000000	0.000000	-1.#IND00	
0.000000	0.000000	-1.#IND00	
0.000000	0.000000	-1.#IND00	
0.000000	0.000000	-1.#IND00	
0.000000	0.000000	-1.#IND00	
0.000000	0.000000	-1.#IND00	
0.000000	0.000000	-1.#IND00	
0.000000	0.000000	-1.#IND00	
0.000000	0.000000	-1.#IND00	
0.000000	0.000000	-1.#IND00	
0.000000	0.000000	-1.#IND00	
0.000000	0.000000	-1.#IND00	
0.000000	0.000000	-1.#IND00	
0.000000	0.000000	-1.#IND00	
0.000000	0.000000	-1.#IND00	
0.000000	0.000000	-1.#IND00	
0.000000	0.000000	-1.#IND00	
0.000000	0.000000	-1.#IND00	
0.000000	0.000000	-1.#IND00	
0.000000	0.000000	-1.#IND00	
0.000000	0.000000	-1.#IND00	
0.000000	0.000000	-1.#IND00	
0.000000	0.000000	-1.#IND00	
0.000000	0.000000	-1.#IND00	
0.000000	0.000000	-1.#IND00	
0.000000	0.000000	-1.#IND00	
0.000000	0.000000	-1.#IND00	
0.000000	0.000000	-1.#IND00	
0.000000	0.000000	-1.#IND00	
0.000000	0.000000	-1.#IND00	
0.000000	0.000000	-1.#IND00	
0.000000	0.000000	-1.#IND00	
0.000000	0.000000	-1.#IND00	
0.000000	0.000000	-1.#IND00	
0.000000	0.000000	-1.#IND00	
0.000000	0.000000	-1.#IND00	
0.000000	0.000000	-1.#IND00	
0.000000	0.000000	-1.#IND00	
0.000000	0.000000	-1.#IND00	
0.000000	0.000000	-1.#IND00	
0.000000	0.000000	-1.#IND00	
0.000000	0.000000	-1.#IND00	
0.000000	0.000000	-1.#IND00	
0.000000	0.000000	-1.#IND00	
0.000000	0.000000	-1.#IND00	
0.000000	0.000000	-1.#IND00	
0.000000	0.000000	-1.#IND00	
0.000000	0.000000	-1.#IND00	
0.000000	0.000000	-1.#IND00	
0.000000	0.000000	-1.#IND00	
0.000000	0.000000	-1.#IND00	
0.000000	0.000000	-1.#IND00	
0.000000	0.000000	-1.#IND00	
0.000000	0.000000	-1.#IND00	
0.000000	0.000000	-1.#IND00	
0.000000	0.000000	-1.#IND00	
0.000000	0.000000	-1.#IND00	
0.000000	0.000000	-1.#IND00	
0.000000	0.000000	-1.#IND00	
0.000000	0.000000	-1.#IND00	
0.000000	0.000000	-1.#IND00	
0.000000	0.000000	-1.#IND00	
0.000000	0.000000	-1.#IND00	
0.000000	0.000000	-1.#IND00	
0.000000	0.000000	-1.#IND00	
0.000000	0.000000	-1.#IND00	
0.000000	0.000000	-1.#IND00	
0.000000	0.000000	-1.#IND00	
0.000000	0.000000	-1.#IND00	
0.000000	0.000000	-1.#IND00	
0.000000	0.000000	-1.#IND00	
0.000000	0.000000	-1.#IND00	
0.000000	0.000000	-1.#IND00	
0.000000	0.000000	-1.#IND00	
0.000000	0.000000	-1.#IND00	
0.000000	0.000000	-1.#IND00	
0.000000	0.000000	-1.#IND00	
0.000000	0.000000	-1.#IND00	
0.000000	0.000000	-1.#IND00	
0.000000	0.000000	-1.#IND00	
0.000000	0.000000	-1.#IND00	
0.000000	0.000000	-1.#IND00	
0.000000	0.000000	-1.#IND00	
0.000000	0.000000	-1.#IND00	
0.000000	0.000000	-1.#IND00	
0.000000	0.000000	-1.#IND00	
0.000000	0.000000	-1.#IND00	
0.000000	0.000000	-1.#IND00	
0.000000	0.000000	-1.#IND00	
0.000000	0.000000	-1.#IND00	
0.000000	0.000000	-1.#IND00	
0.000000	0.000000	-1.#IND00	
0.000000	0.000000	-1.#IND00	
0.000000	0.000000	-1.#IND00	
0.000000	0.000000	-1.#IND00	
0.000000	0.000000	-1.#IND00	
0.000000	0.000000	-1.#IND00	
0.000000	0.000000	-1.#IND00	
0.000000	0.000000	-1.#IND00	
0.000000	0.000000	-1.#IND00	
0.000000	0.000000	-1.#IND00	
0.000000	0.000000	-1.#IND00	
0.000000	0.000000	-1.#IND00	
0.000000	0.000000	-1.#IND00	
0.000000	0.000000	-1.#IND00	
0.000000	0.000000	-1.#IND00	
0.000000	0.000000	-1.#IND00	
0.000000	0.000000	-1.#IND00	
0.000000	0.000000	-1.#IND00	
0.000000	0.000000	-1.#IND00	
0.000000	0.000000	-1.#IND00	
0.000000	0.000000	-1.#IND00	
0.000000	0.000000	-1.#IND00	
0.000000	0.000000	-1.#IND00	
0.000000	0.000000	-1.#IND00	
0.000000	0.000000	-1.#IND00	
0.000000	0.000000	-1.#IND00	
0.000000	0.000000	-1.#IND00	
0.000000	0.000000	-1.#IND00	
0.000000	0.000000	-1.#IND00	
0.000000	0.000000	-1.#IND00	
0.000000	0.000000	-1.#IND00	
0.000000	0.000000	-1.#IND00	
0.000000	0.000000	-1.#IND00	
0.000000	0.000000	-1.#IND00	
0.000000	0.000000	-1.#IND00	
0.000000	0.000000	-1.#IND00	
0.000000	0.000000	-1.#IND00	
0.000000	0.000000	-1.#IND00	
0.000000	0.000000	-1.#IND00	
0.000000	0.000000	-1.#IND00	
0.000000	0.000000	-1.#IND00	
0.000000	0.000000	-1.#IND00	
0.000000	0.000000	-1.#IND00	
0.000000	0.000000	-1.#IND00	
0.000000	0.000000	-1.#IND00	
0.000000	0.000000	-1.#IND00	
0.000000	0.000000	-1.#IND00	
0.000000	0.000000	-1.#IND00	
0.000000	0.000000	-1.#IND00	
0.000000	0.000000	-1.#IND00	
0.000000	0.000000	-1.#IND00	
0.000000	0.000000	-1.#IND00	
0.000000	0.000000	-1.#IND00	
0.000000	0.000000	-1.#IND00	
0.000000	0.000000	-1.#IND00	
0.000000	0.000000	-1.#IND00	
0.000000	0.000000	-1.#IND00	
0.000000	0.000000	-1.#IND00	
0.000000	0.000000	-1.#IND00	
0.000000	0.000000	-1.#IND00	
0.000000	0.000000	-1.#IND00	
0.000000	0.000000	-1.#IND00	
0.000000	0.000000	-1.#IND00	
0.000000	0.000000	-1.#IND00	
0.000000	0.000000	-1.#IND00	
0.000000	0.000000	-1.#IND00	
0.000000	0.000000	-1.#IND00	
0.000000	0.000000	-1.#IND00	
0.000000	0.000000	-1.#IND00	
0.000000	0.000000	-1.#IND00	
0.000000	0.000000	-1.#IND00	
0.000000	0.000000	-1.#IND00	
0.000000	0.000000	-1.#IND00	
0.000000	0.000000	-1.#IND00	
0.000000	0.000000	-1.#IND00	
0.000000	0.000000	-1.#IND00	
0.000000	0.000000	-1.#IND00	
0.000000	0.000000	-1.#IND00	
0.000000	0.000000	-1.#IND00	
0.000000	0.000000	-1.#IND00	
0.000000	0.000000	-1.#IND00	
0.000000	0.000000	-1.#IND00	
0.000000	0.000000	-1.#IND00	
0.000000	0.000000	-1.#IND00	
0.000000	0.000000	-1.#IND00	
0.000000	0.000000	-1.#IND00	
0.000000	0.000000	-1.#IND00	
0.000000	0.000000	-1.#IND00	
0.000000	0.000000	-1.#IND00	
0.000000	0.000000	-1.#IND00	
0.000000	0.000000	-1.#IND00	
0.000000	0.000000	-1.#IND00	
0.000000	0.000000	-1.#IND00	
0.000000	0.000000	-1.#IND00	
0.000000	0.000000	-1.#IND00	
0.000000	0.000000	-1.#IND00	
0.000000	0.000000	-1.#IND00	
0.000000	0.000000	-1.#IND00	
0.000000	0.000000	-1.#IND00	
0.000000	0.000000	-1.#IND00	
0.000000	0.000000	-1.#IND00	
0.000000	0.000000	-1.#IND00	
0.000000	0.000000	-1.#IND00	
0.000000	0.000000	-1.#IND00	
0.000000	0.000000	-1.#IND00	
0.000000	0.000000	-1.#IND00	
0.000000	0.000000	-1.#IND00	
0.000000	0.000000	-1.#IND00	
0.000000	0.000000	-1.#IND00	
0.000000	0.000000	-1.#IND00	
0.000000	0.000000	-1.#IND00	
0.000000	0.000000	-1.#IND00	
0.000000	0.000000	-1.#IND00	
0.000000	0.000000	-1.#IND00	
0.000000	0.000000	-1.#IND00	
0.000000	0.000000	-1.#IND00	
0.000000	0.000000	-1.#IND00	
0.000000	0.000000	-1.#IND00	
0.000000	0.000000	-1.#IND00	
0.000000	0.000000	-1.#IND00	
0.000000	0.000000	-1.#IND00	
0.000000	0.000000	-1.#IND00	
0.000000	0.000000	-1.#IND00	
0.000000	0.000000	-1.#IND00	
0.000000	0.000000	-1.#IND00	
0.000000	0.000000	-1.#IND00	
0.000000	0.000000	-1.#IND00	
0.000000	0.000000	-1.#IND00	
0.000000	0.000000	-1.#IND00	
0.000000	0.000000	-1.#IND00	
0.000000	0.000000	-1.#IND00	
0.000000	0.000000	-1.#IND00	
0.000000	0.000000	-1.#IND00	
0.000000	0.000000	-1.#IND00	
0.000000	0.000000	-1.#IND00	
0.000000	0.000000	-1.#IND00	
0.000000	0.000000	-1.#IND00	
0.000000	0.000000	-1.#IND00	
0.000000	0.000000	-1.#IND00	
0.000000	0.000000	-1.#IND00	
0.000000	0.000000	-1.#IND00	
0.000000	0.000000	-1.#IND00	
0.000000	0.000000	-1.#IND00	
0.000000	0.000000	-1.#IND00	
0.000000	0.000000	-1.#IND00	
0.000000	0.000000	-1.#IND00	
0.000000	0.000000	-1.#IND00	
0.000000	0.000000	-1.#IND00	
0.000000	0.000000	-1.#IND00	
0.000000	0.000000	-1.#IND00	
0.000000	0.000000	-1.#IND00	
0.000000	0.000000	-1.#IND00	
0.000000	0.000000	-1.#IND00	
0.000000	0.000000	-1.#IND00	
0.000000	0.000000	-1.#IND00	
0.000000	0.000000	-1.#IND00	
0.000000	0.000000	-1.#IND00	
0.000000	0.000000	-1.#IND00	
0.000000	0.000000	-1.#IND00	
0.000000	0.000000	-1.#IND00	
0.000000	0.000000	-1.#IND00	
0.000000	0.000000	-1.#IND00	
0.000000	0.000000	-1.#IND00	
0.000000	0.000000	-1.#IND00	
0.000000	0.000000	-1.#IND00	
0.000000	0.000000	-1.#IND00	
0.000000	0.000000	-1.#IND00	
0.000000	0.000000	-1.#IND00	
0.000000	0.000000	-1.#IND00	
0.000000	0.000000	-1.#IND00	
0.000000	0.000000	-1.#IND00	
0.000000	0.000000	-1.#IND00	
0.000000	0.000000	-1.#IND00	
0.000000	0.000000	-1.#IND00	
0.000000	0.000000	-1.#IND00	
0.000000	0.000000	-1.#IND00	
0.000000	0.000000	-1.#IND00	
0.000000	0.000000	-1.#IND00	
0.000000	0.000000	-1.#IND00	
0.000000	0.000000	-1.#IND00	
0.000000	0.000000	-1.#IND00	
0.000000	0.000000	-1.#IND00	
0.000000	0.000000	-1.#IND00	
0.000000	0.000000	-1.#IND00	
0.000000	0.000000	-1.#IND00	
0.000000	0.000000	-1.#IND00	
0.000000	0.000000	-1.#IND00	
0.000000	0.000000	-1.#IND00	
0.000000	0.000000	-1.#IND00	
0.000000	0.000000	-1.#IND00	
0.000000	0.000000	-1.#IND00	
0.000000	0.000000	-1.#IND00	
0.000000	0.000000	-1.#IND00	
0.000000	0.000000	-1.#IND00	
0.000000	0.000000	-1.#IND00	
0.000000	0.000000	-1.#IND00	
0.000000	0.000000	-1.#IND00	
0.000000	0.000000	-1.#IND00	
0.000000	0.000000	-1.#IND00	
0.000000	0.000000	-1.#IND00	
0.000000	0.000000	-1.#IND00	
0.000000	0.000000	-1.#IND00	
0.000000	0.000000	-1.#IND00	
0.000000	0.000000	-1.#IND00	
0.000000	0.000000	-1.#IND00	
0.000000	0.000000	-1.#IND00	
0.000000	0.000000	-1.#IND00	
0.000000	0.000000	-1.#IND00	
0.000000	0.000000	-1.#IND00	
0.000000	0.000000	-1.#IND00	
0.000000	0.000000	-1.#IND00	
0.000000	0.000000	-1.#IND00	
0.000000	0.000000	-1.#IND00	
0.000000	0.000000	-1.#IND00	
0.000000	0.000000	-1.#IND00	
0.000000	0.000000	-1.#IND00	
0.000000	0.000000	-1.#IND00	
0.000000	0.000000	-1.#IND00	
0.000000	0.000000	-1.#IND00	
0.000000	0.000000	-1.#IND00	
0.000000	0.000000	-1.#IND00	
0.000000	0.000000	-1.#IND00	
0.000000	0.000000	-1.#IND00	
0.000000	0.000000	-1.#IND00	
0.000000	0.000000	-1.#IND00	
0.000000	0.000000	-1.#IND00	
0.000000	0.000000	-1.#IND00	
0.000000	0.000000	-1.#IND00	
0.000000	0.000000	-1.#IND00	
0.000000	0.000000	-1.#IND00	
0.000000	0.000000	-1.#IND00	
0.000000	0.000000	-1.#IND00	
0.000000	0.000000	-1.#IND00	
0.000000	0.000000	-1.#IND00	
0.000000	0.000000	-1.#IND00	
0.000000	0.000000	-1.#IND00	
0.000000	0.000000	-1.#IND00	
0.000000	0.000000	-1.#IND00	
0.000000	0.000000	-1.#IND00	
0.000000	0.000000	-1.#IND00	
0.000000	0.000000	-1.#IND00	
0.000000	0.000000	-1.#IND00	
0.000000	0.000000	-1.#IND00	
0.000000	0.000000	-1.#IND00	
0.000000	0.000000	-1.#IND00	
0.000000	0.000000	-1.#IND00	
0.000000	0.000000	-1.#IND00	
0.000000	0.000000	-1.#IND00	
0.000000	0.000000	-1.#IND00	
0.000000	0.000000	-1.#IND00	
0.000000	0.000000	-1.#IND00	
0.000000	0.000000	-1.#IND00	
0.000000	0.000000	-1.#IND00	
0.000000	0.000000	-1.#IND00	
0.000000	0.000000	-1.#IND00	
0.000000	0.000000	-1.#IND00	
0.000000	0.000000	-1.#IND00	
0.000000	0.000000	-1.#IND00	
0.000000	0.000000	-1.#IND00	
0.000000	0.000000	-1.#IND00	
0.000000	0.000000	-1.#IND00	
0.000000	0.000000	-1.#IND00	
0.000000	0.000000	-1.#IND00	
0.000000	0.000000	-1.#IND00	
0.000000	0.000000	-1.#IND00	
0.000000	0.000000	-1.#IND00	
0.000000	0.000000	-1.#IND00	
0.000000	0.000000	-1.#IND00	
0.000000	0.000000	-1.#IND00	
0.000000	0.000000	-1.#IND00	
0.000000	0.000000	-1.#IND00	
0.000000	0.000000	-1.#IND00	
0.000000	0.000000	-1.#IND00	
0.000000	0.000000	-1.#IND00	
0.000000	0.000000	-1.#IND00	
0.000000	0.000000	-1.#IND00	
0.000000	0.000000	-1.#IND00	
0.000000	0.000000	-1.#IND00	
0.000000	0.000000	-1.#IND00	
0.000000	0.000000	-1.#IND00	
0.000000	0.000000	-1.#IND00	
0.000000	0.000000	-1.#IND00	
0.000000	0.000000	-1.#IND00	
0.000000	0.000000	-1.#IND00	
0.000000	0.000000	-1.#IND00	
0.000000	0.000000	-1.#IND00	
0.000000	0.000000	-1.#IND00	
0.000000	0.000000	-1.#IND00	
0.000000	0.000000	-1.#IND00	
0.000000	0.000000	-1.#IND00	
0.000000	0.000000	-1.#IND00	
0.000000	0.000000	-1.#IND00	
0.000000	0.000000	-1.#IND00	
0.000000	0.000000	-1.#IND00	
0.000000	0.000000	-1.#IND00	
0.000000	0.000000	-1.#IND00	
0.000000	0.000000	-1.#IND00	
0.000000	0.000000	-1.#IND00	
0.000000	0.000000	-1.#IND00	
0.000000	0.000000	-1.#IND00	
0.000000	0.000000	-1.#IND00	
0.000000	0.000000	-1.#IND00	
0.000000	0.000000	-1.#IND00	
0.000000	0.000000	-1.#IND00	
0.000000	0.000000	-1.#IND00	
0.000000	0.000000	-1.#IND00	
0.000000	0.000000	-1.#IND00	
0.000000	0.000000	-1.#IND00	
0.000000	0.000000	-1.#IND00	
0.000000	0.000000	-1.#IND00	
0.000000	0.000000	-1.#IND00	
0.000000	0.000000	-1.#IND00	
0.000000	0.000000	-1.#IND00	
0.000000	0.000000	-1.#IND00	
0.000000	0.000000	-1.#IND00	
0.000000	0.000000	-1.#IND00	
0.000000	0.000000	-1.#IND00	
0.000000	0.000000	-1.#IND00	
0.000000	0.000000	-1.#IND00	
0.000000	0.000000	-1.#IND00	
0.000000	0.000000	-1.#IND00	
0.000000	0.000000	-1.#IND00	
0.000000	0.000000	-1.#IND00	
0.000000	0.000000	-1.#IND00	
0.000000	0.000000	-1.#IND00	
0.000000	0.000000	-1.#IND00	
0.000000	0.000000	-1.#IND00	
0.000000	0.000000	-1.#IND00	
0.000000	0.000000	-1.#IND00	
0.000000	0.000000	-1.#IND00	
0.000000	0.000000	-1.#IND00	
0.000000	0.000000	-1.#IND00	
0.000000	0.000000	-1.#IND00	
0.000000	0.000000	-1.#IND00	
0.000000	0.000000	-1.#IND00	
0.000000	0.000000	-1.#IND00	
0.000000	0.000000	-1.#IND00	
0.000000	0.000000	-1.#IND00	
0.000000	0.000000	-1.#IND00	
0.000000	0.000000	-1.#IND00	
0.000000	0.000000	-1.#IND00	
0.000000	0.000000	-1.#IND00	
0.000000	0.000000	-1.#IND00	
0.000000	0.000000	-1.#IND00	
0.000000	0.000000	-1.#IND00	
0.000000	0.000000	-1.#IND00	
0.000000	0.000000	-1.#IND00	
0.000000	0.000000	-1.#IND00	
0.000000	0.000000	-1.#IND00	
0.000000	0.000000	-1.#IND00	
0.000000	0.000000	-1.#IND00	
0.000000	0.000000	-1.#IND00	
0.000000	0.000000	-1.#IND00	
0.000000	0.000000	-1.#IND00	
0.000000	0.000000	-1.#IND00	
0.000000	0.000000	-1.#IND00	
0.000000	0.000000	-1.#IND00	
0.000000	0.000000	-1.#IND00	
0.000000	0.000000	-1.#IND00	
0.000000	0.000000	-1.#IND00	
0.000000	0.000000	-1.#IND00	
0.000000	0.000000	-1.#IND00	
0.000000	0.000000	-1.#IND00	
0.000000	0.000000	-1.#IND00	
0.000000	0.000000	-1.#IND00	
0.000000	0.000000	-1.#IND00	
0.000000	0.000000	-1.#IND00	
0.000000	0.000000	-1.#IND00	
0.000000	0.000000	-1.#IND00	
0.000000	0.000000	-1.#IND00	
0.000000	0.000000	-1.#IND00	
0.000000	0.000000	-1.#IND00	
0.000000	0.000000	-1.#IND00	
0.000000	0.000000	-1.#IND00	
0.000000	0.000000	-1.#IND00	
0.000000	0.000000	-1.#IND00	
0.000000	0.000000	-1.#IND00	
0.000000	0.000000	-1.#IND00	
0.000000	0.000000	-1.#IND00	
0.000000	0.000000	-1.#IND00	
0.000000	0.000000	-1.#IND00	
0.000000	0.000000	-1.#IND00	
0.000000	0.000000	-1.#IND00	
0.000000	0.000000	-1.#IND00	
0.000000	0.000000	-1.#IND00	
0.000000	0.000000	-1.#IND00	
0.000000	0.000000	-1.#IND00	
0.000000	0.000000	-1.#IND00	
0.000000	0.000000	-1.#IND00	
0.000000	0.000000	-1.#IND00	
0.000000	0.000000	-1.#IND00	
0.000000	0.000000	-1.#IND00	
0.000000	0.000000	-1.#IND00	
0.000000	0.000000	-1.#IND00	
0.000000	0.000000	-1.#IND00	
0.000000	0.000000	-1.#IND00	
0.000000	0.000000	-1.#IND00	
0.000000	0.000000	-1.#IND00	
0.000000	0.000000	-1.#IND00	
0.000000	0.000000	-1.#IND00	
0.000000	0.000000	-1.#IND00	
0.000000	0.000000	-1.#IND00	
0.000000	0.000000	-1.#IND00	
0.000000	0.000000	-1.#IND00	
0.000000	0.000000	-1.#IND00	
0.000000	0.000000	-1.#IND00	
0.000000	0.000000	-1.#IND00	
0.000000	0.000000	-1.#IND00	
0.000000	0.000000	-1.#IND00	
0.000000	0.000000	-1.#IND00	
0.000000	0.000000	-1.#IND00	
0.000000	0.000000	-1.#IND00	
0.000000	0.000000	-1.#IND00	
0.000000	0.000000	-1.#IND00	
0.000000	0.000000	-1.#IND00	
0.000000	0.000000	-1.#IND00	
0.000000	0.000000	-1.#IND00	
0.000000	0.000000	-1.#IND00	
0.000000	0.000000	-1.#IND00	
0.000000	0.000000	-1.#IND00	
0.000000	0.000000	-1.#IND00	
0.000000	0.000000	-1.#IND00	
0.000000	0.000000	-1.#IND00	
0.000000	0.000000	-1.#IND00	
0.000000	0.000000	-1.#IND00	
0.000000	0.000000	-1.#IND00	
0.000000	0.000000	-1.#IND00	
0.000000	0.000000	-1.#IND00	
0.000000	0.000000	-1.#IND00	
0.000000	0.000000	-1.#IND00	
0.000000	0.000000	-1.#IND00	
0.000000	0.000000	-1.#IND00	
0.000000	0.000000	-1.#IND00	
0.000000	0.000000	-1.#IND00	
0.000000	0.000000	-1.#IND00	
0.000000	0.000000	-1.#IND00	
0.000000	0.000000	-1.#IND00	
0.000000	0.000000	-1.#IND00	
0.000000	0.000000	-1.#IND00	
0.000000	0.000000	-1.#IND00	
0.000000	0.000000	-1.#IND00	
0.000000	0.000000	-1.#IND00	
0.000000	0.000000	-1.#IND00	
0.000000	0.000000	-1.#IND00	
0.000000	0.000000	-1.#IND00	
0.000000	0.000000	-1.#IND00	
0.000000	0.000000	-1.#IND00	
0.000000	0.000000	-1.#IND00	
0.000000	0.000000	-1.#IND00	
0.000000	0.000000	-1.#IND00	
0.000000	0.000000	-1.#IND00	
0.000000	0.000000	-1.#IND00	
0.000000	0.000000	-1.#IND00	
0.000000	0.000000	-1.#IND00	
0.000000	0.000000	-1.#IND00	
0.000000	0.000000	-1.#IND00	
0.000000	0.000000	-1.#IND00	
0.000000	0.000000	-1.#IND00	
0.000000	0.000000	-1.#IND00	
0.000000	0.000000	-1.#IND00	
0.000000	0.000000	-1.#IND00	
0.000000	0.000000	-1.#IND00	
0.000000	0.000000	-1.#IND00	
0.000000	0.000000	-1.#IND00	
0.000000	0.000000	-1.#IND00	
0.000000	0.000000	-1.#IND00	
0.000000	0.000000	-1.#IND00	
0.000000	0.000000	-1.#IND00	
0.000000	0.000000	-1.#IND00	
0.000000	0.000000	-1.#IND00	
0.000000	0.000000	-1.#IND00	
0.000000	0.000000	-1.#IND00	
0.000000	0.000000	-1.#IND00	
0.000000	0.000000	-1.#IND00	
0.000000	0.000000	-1.#IND00	
0.000000	0.000000	-1.#IND00	
0.000000	0.000000	-1.#IND00	
0.000000	0.000000	-1.#IND00	
0.000000	0.000000	-1.#IND00	
0.000000	0.000000	-1.#IND00	
0.000000	0.000000	-1.#IND00	
0.000000	0.000000	-1.#IND00	
0.000000	0.000000	-1.#IND00	
0.000000	0.000000	-1.#IND00	
0.000000	0.000000	-1.#IND00	
0.000000	0.000000	-1.#IND00	
0.000000	0.000000	-1.#IND00	
0.000000	0.000000	-1.#IND00	
0.000000	0.000000	-1.#IND00	
0.000000	0.000000	-1.#IND00	
0.000000	0.000000	-1.#IND00	
0.000000	0.000000	-1.#IND00	
0.000000	0.000000	-1.#IND00	
0.000000	0.000000	-1.#IND00	
0.000000	0.000000	-1.#IND00	
0.000000	0.000000	-1.#IND00	
0.000000	0.000000	-1.#IND00	
0.000000	0.000000	-1.#IND00	
0.000000	0.000000	-1.#IND00	
0.000000	0.000000	-1.#IND00	
0.000000	0.000000	-1.#IND00	
0.000000	0.000000	-1.#IND00	
0.000000	0.000000	-1.#IND00	
0.000000	0.000000	-1.#IND00	
0.000000	0.000000	-1.#IND00	
0.000000	0.000000	-1.#IND00	
0.000000	0.000000	-1.#IND00	
0.000000	0.000000	-1.#IND00	
0.000000	0.000000	-1.#IND00	
0.000000	0.000000	-1.#IND00	
0.000000	0.000000	-1.#IND00	
0.000000	0.000000	-1.#IND00	
0.000000	0.000000	-1.#IND00	
0.000000	0.000000	-1.#IND00	
0.000000	0.000000	-1.#IND00	
0.000000	0.000000	-1.#IND00	
0.000000	0.000000	-1.#IND00	
0.000000	0.000000	-1.#IND00	
0.000000	0.000000	-1.#IND00	
0.000000	0.000000	-1.#IND00	
0.000000	0.000000	-1.#IND00	
0.000000	0.000000	-1.#IND00	
0.000000	0.000000	-1.#IND00	
0.000000	0.000000	-1.#IND00	
0.000000	0.000000	-1.#IND00	
0.000000	0.000000	-1.#IND00	
0.000000	0.000000	-1.#IND00	
0.000000	0.000000	-1.#IND00	
0.000000	0.000000	-1.#IND00	
0.000000	0.000000	-1.#IND00	
0.000000	0.000000	-1.#IND00	
0.000000	0.000000	-1.#IND00	
0.000000	0.000000	-1.#IND00	
0.000000	0.000000	-1.#IND00	
0.000000	0.000000	-1.#IND00	
0.000000	0.000000	-1.#IND00	
0.000000	0.000000	-1.#IND00	
0.000000	0.000000	-1.#IND00	
0.000000	0.000000	-1.#IND00	
0.000000	0.000000	-1.#IND00	
0.000000	0.000000	-1.#IND00	
0.000000	0.000000	-1.#IND00	
0.000000	0.000000	-1.#IND00	
0.000000	0.000000	-1.#IND00	
0.000000	0.000000	-1.#IND00	
0.000000	0.000000	-1.#IND00	
0.000000	0.000000	-1.#IND00	
0.000000	0.000000	-1.#IND00	
0.000000	0.000000	-1.#IND00	
0.000000	0.000000	-1.#IND00	
0.000000	0.000000	-1.#IND00	
0.000000	0.000000	-1.#IND00	
0.000000	0.000000	-1.#IND00	
0.000000	0.000000	-1.#IND00	
0.000000	0.000000	-1.#IND00	
0.000000	0.000000	-1.#IND00	
0.000000	0.000000	-1.#IND00	
0.000000	0.000000	-1.#IND00	
0.000000	0.000000	-1.#IND00	
0.000000	0.000000	-1.#IND00	
0.000000	0.000000	-1.#IND00	
0.000000	0.000000	-1.#IND00	
0.000000	0.000000	-1.#IND00	
0.000000	0.000000	-1.#IND00	
0.000000	0.000000	-1.#IND00	
0.000000	0.000000	-1.#IND00	
0.000000	0.000000	-1.#IND00	
0.000000	0.000000	-1.#IND00	
0.000000	0.000000	-1.#IND00	
0.000000	0.000000	-1.#IND00	
0.000000	0.000000	-1.#IND00	
0.000000	0.000000	-1.#IND00	
0.000000	0.000000	-1.#IND00	
0.000000	0.000000	-1.#IND00	
0.000000	0.000000	-1.#IND00	
0.000000	0.000000	-1.#IND00	
0.000000	0.000000	-1.#IND00	
0.000000	0.000000	-1.#IND00	
0.000000	0.000000	-1.#IND00	
0.000000	0.000000	-1.#IND00	
0.000000	0.000000	-1.#IND00	
0.000000	0.000000	-1.#IND00	
0.000000	0.000000	-1.#IND00	
0.000000	0.000000	-1.#IND00	
0.000000	0.000000	-1.#IND00	
0.000000	0.000000	-1.#IND00	
0.000000	0.000000	-1.#IND00	
0.000000	0.000000	-1.#IND00	
0.000000	0.000000	-1.#IND00	
0.000000	0.000000	-1.#IND00	
0.000000	0.000000	-1.#IND00	
0.000000	0.000000	-1.#IND00	
0.000000	0.000000	-1.#IND00	
0.000000	0.000000	-1.#IND00	
0.000000	0.000000	-1.#IND00	
0.000000	0.000000	-1.#IND00	
0.000000	0.000000	-1.#IND00	
0.000000	0.000000	-1.#IND00	
0.000000	0.000000	-1.#IND00	
0.000000	0.000000	-1.#IND00	
0.000000	0.000000	-1.#IND00	
0.000000	0.000000	-1.#IND00	
0.000000	0.000000	-1.#IND00	
0.000000	0.000000	-1.#IND00	
0.000000	0.000000	-1.#IND00	
0.000000	0.000000	-1.#IND00	
0.000000	0.000000	-1.#IND00	
0.000000	0.000000	-1.#IND00	
0.000000	0.000000	-1.#IND00	
0.000000	0.000000	-1.#IND00	
0.000000	0.000000	-1.#IND00	
0.000000	0.000000	-1.#IND00	
0.000000	0.000000	-1.#IND00	
0.000000	0.000000	-1.#IND00	
0.000000	0.000000	-1.#IND00	
0.000000	0.000000	-1.#IND00	
0.000000	0.000000	-1.#IND00	
0.000000	0.000000	-1.#IND00	
0.000000	0.000000	-1.#IND00	
0.000000	0.000000	-1.#IND00	
0.000000	0.000000	-1.#IND00	
0.000000	0.000000	-1.#IND00	
0.000000	0.000000	-1.#IND00	
0.000000	0.000000	-1.#IND00	
0.000000	0.000000	-1.#IND00	
0.000000	0.000000	-1.#IND00	
0.000000	0.000000	-1.#IND00	
0.000000	0.000000	-1.#IND00	
0.000000	0.000000	-1.#IND00	
0.000000	0.000000	-1.#IND00	
0.000000	0.000000	-1.#IND00	
0.000000	0.000000	-1.#IND00	
0.000000	0.000000	-1.#IND00	
0.000000	0.000000	-1.#IND00	
0.000000	0.000000	-1.#IND00	
0.000000	0.000000	-1.#IND00	
0.000000	0.000000	-1.#IND00	
0.000000	0.000000	-1.#IND00	
0.000000	0.000000	-1.#IND00	
0.000000	0.000000	-1.#IND00	
0.000000	0.000000	-1.#IND00	
0.000000	0.000000	-1.#IND00	
0.000000	0.000000	-1.#IND00	
0.000000	0.000000	-1.#IND00	
0.000000	0.000000	-1.#IND00	
0.000000	0.000000	-1.#IND00	
0.000000	0.000000	-1.#IND00	
0.000000	0.000000	-1.#IND00	
0.000000	0.000000	-1.#IND00	
0.000000	0.000000	-1.#IND00	
0.000000	0.000000	-1.#IND00	
0.000000	0.000000	-1.#IND00	
0.000000	0.000000	-1.#IND00	
0.000000	0.000000	-1.#IND00	
0.000000	0.000000	-1.#IND00	
0.000000	0.000000	-1.#IND00	
0.000000	0.000000	-1.#IND00	
0.000000	0.000000	-1.#IND00	
0.000000	0.000000	-1.#IND00	
0.000000	0.000000	-1.#IND00	
0.000000	0.000000	-1.#IND00	
0.000000	0.000000	-1.#IND00	
0.000000	0.000000	-1.#IND00	
0.000000	0.000000	-1.#IND00	
0.000000	0.000000	-1.#IND00	
0.000000	0.000000	-1.#IND00	
0.000000	0.000000	-1.#IND00	
0.000000	0.000000	-1.#IND00	
0.000000	0.000000	-1.#IND00	
0.000000	0.000000	-1.#IND00	
0.000000	0.000000	-1.#IND00	
0.000000	0.000000	-1.#IND00	
0.000000	0.000000	-1.#IND00	
0.000000	0.000000	-1.#IND00	
0.000000	0.000000	-1.#IND00	
0.000000	0.000000	-1.#IND00	
0.000000	0.000000	-1.#IND00	
0.000000	0.000000	-1.#IND00	
0.000000	0.000000	-1.#IND00	
0.000000	0.000000	-1.#IND00	
0.000000	0.000000	-1.#IND00	
0.000000	0.000000	-1.#IND00	
0.000000	0.000000	-1.#IND00	
0.000000	0.000000	-1.#IND00	
0.000000	0.000000	-1.#IND00	
0.000000	0.000000	-1.#IND00	
0.000000	0.000000	-1.#IND00	
0.000000	0.000000	-1.#IND00	
0.000000	0.000000	-1.#IND00	
0.000000	0.000000	-1.#IND00	
0.000000	0.000000	-1.#IND00	
0.000000	0.000000	-1.#IND00	
0.000000	0.000000	-1.#IND00	
0.000000	0.000000	-1.#IND00	
0.000000	0.000000	-1.#IND00	
0.000000	0.000000	-1.#IND00	
0.000000	0.000000	-1.#IND00	
0.000000	0.000000	-1.#IND00	
0.000000	0.000000	-1.#IND00	
0.000000	0.000000	-1.#IND00	
0.000000	0.000000	-1.#IND00	
0.000000	0.000000	-1.#IND00	
0.000000	0.000000	-1.#IND00	
0.000000	0.000000	-1.#IND00	
0.000000	0.000000	-1.#IND00	
0.000000	0.000000	-1.#IND00	
0.000000	0.000000	-1.#IND00	
0.000000	0.000000	-1.#IND00	
0.000000	0.000000	-1.#IND00	
0.000000	0.000000	-1.#IND00	
0.000000	0.000000	-1.#IND00	
0.000000	0.000000	-1.#IND00	
0.000000	0.000000	-1.#IND00	
0.000000	0.000000	-1.#IND00	
0.000000	0.000000	-1.#IND00	
0.000000	0.000000	-1.#IND00	
0.000000	0.000000	-1.#IND00	
0.000000	0.000000	-1.#IND00	
0.000000	0.000000	-1.#IND00	
0.000000	0.000000	-1.#IND00	
0.000000	0.000000	-1.#IND00	
0.000000	0.000000	-1.#IND00	
0.000000	0.000000	-1.#IND00	
0.000000	0.000000	-1.#IND00	
0.000000	0.000000	-1.#IND00	
0.000000	0.000000	-1.#IND00	
0.000000	0.000000	-1.#IND00	
0.000000	0.000000	-1.#IND00	
0.000000	0.000000	-1.#IND00	
0.000000	0.000000	-1.#IND00	
0.000000	0.000000	-1.#IND00	
0.000000	0.000000	-1.#IND00	
0.000000	0.000000	-1.#IND00	
0.000000	0.000000	-1.#IND00	
0.000000	0.000000	-1.#IND00	
0.000000	0.000000	-1.#IND00	
0.000000	0.000000	-1.#IND00	
0.000000	0.000000	-1.#IND00	
0.000000	0.000000	-1.#IND00	
0.000000	0.000000	-1.#IND00	
0.000000	0.000000	-1.#IND00	
0.000000	0.000000	-1.#IND00	
0.000000	0.000000	-1.#IND00	
0.000000	0.000000	-1.#IND00	
0.000000	0.000000	-1.#IND00	
0.000000	0.000000	-1.#IND00	
0.000000	0.000000	-1.#IND00	
0.000000	0.000000	-1.#IND00	
0.000000	0.000000	-1.#IND00	
0.000000	0.000000	-1.#IND00	
0.000000	0.000000	-1.#IND00	
0.000000	0.000000	-1.#IND00	
0.000000	0.000000	-1.#IND00	
0.000000	0.000000	-1.#IND00	
0.000000	0.000000	-1.#IND00	
0.000000	0.000000	-1.#IND00	
0.000000	0.000000	-1.#IND00	
0.000000	0.000000	-1.#IND00	
0.000000	0.000000	-1.#IND00	
0.000000	0.000000	-1.#IND00	
0.000000	0.000000	-1.#IND00	
0.000000	0.000000	-1.#IND00	
0.000000	0.000000	-1.#IND00	
0.000000	0.000000	-1.#IND00	
0.000000	0.000000	-1.#IND00	
0.000000	0.000000	-1.#IND00	
0.000000	0.000000	-1.#IND00	
0.000000	0.000000	-1.#IND00	
0.000000	0.000000	-1.#IND00	
0.000000	0.000000	-1.#IND00	
0.000000	0.000000	-1.#IND00	
0.000000	0.000000	-1.#IND00	
0.000000	0.000000	-1.#IND00	
0.000000	0.000000	-1.#IND00	
0.000000	0.000000	-1.#IND00	
0.000000	0.000000	-1.#IND00	
0.000000	0.000000	-1.#IND00	
0.000000	0.000000	-1.#IND00	
0.000000	0.000000	-1.#IND00	
0.000000	0.000000	-1.#IND00	
0.000000	0.000000	-1.#IND00	
0.000000	0.000000	-1.#IND00	
0.000000	0.000000	-1.#IND00	
0.000000	0.000000	-1.#IND00	
0.000000	0.000000	-1.#IND00	
0.000000	0.000000	-1.#IND00	
0.000000	0.000000	-1.#IND00	
0.000000	0.000000	-1.#IND00	
0.000000	0.000000	-1.#IND00	
0.000000	0.000000	-1.#IND00	
0.000000	0.000000	-1.#IND00	
0.000000	0.000000	-1.#IND00	
0.000000	0.000000	-1.#IND00	
0.000000	0.000000	-1.#IND00	
0.000000	0.000000	-1.#IND00	
0.000000	0.000000	-1.#IND00	
0.000000	0.000000	-1.#IND00	
0.000000	0.000000	-1.#IND00	
0.000000	0.000000	-1.#IND00	
0.000000	0.000000	-1.#IND00	
0.000000	0.000000	-1.#IND00	
0.000000	0.000000	-1.#IND00	
0.000000	0.000000	-1.#IND00	
0.000000	0.000000	-1.#IND00	
0.000000	0.000000	-1.#IND00	
0.000000	0.000000	-1.#IND00	
0.000000	0.000000	-1.#IND00	
0.000000	0.000000	-1.#IND00	
0.000000	0.000000	-1.#IND00	
0.000000	0.000000	-1.#IND00	
0.000000	0.000000	-1.#IND00	
0.000000	0.000000	-1.#IND00	
0.000000	0.000000	-1.#IND00	
0.000000	0.000000	-1.#IND00	
0.000000	0.000000	-1.#IND00	
0.000000	0.000000	-1.#IND00	
0.000000	0.000000	-1.#IND00	
0.000000	0.000000	-1.#IND00	
0.000000	0.000000	-1.#IND00	
0.000000	0.000000	-1.#IND00	
0.000000	0.000000	-1.#IND00	
0.000000	0.000000	-1.#IND00	
0.000000	0.000000	-1.#IND00	
0.000000	0.000000	-1.#IND00	
0.000000	0.000000	-1.#IND00	
0.000000	0.000000	-1.#IND00	
0.000000	0.000000	-1.#IND00	
0.000000	0.000000	-1.#IND00	
0.000000	0.000000	-1.#IND00	
0.000000	0.000000	-1.#IND00	
0.000000	0.000000	-1.#IND00	
0.000000	0.000000	-1.#IND00	
0.000000	0.000000	-1.#IND00	
0.000000	0.000000	-1.#IND00	
0.000000	0.000000	-1.#IND00	
0.000000	0.000000	-1.#IND00	
0.000000	0.000000	-1.#IND00	
0.000000	0.000000	-1.#IND00	
0.000000	0.000000	-1.#IND00	
0.000000	0.000000	-1.#IND00	
0.000000	0.000000	-1.#IND00	
0.000000	0.000000	-1.#IND00	
0.000000	0.000000	-1.#IND00	
0.000000	0.000000	-1.#IND00	
0.000000	0.000000	-1.#IND00	
0.000000	0.000000	-1.#IND00	
0.000000	0.000000	-1.#IND00	
0.000000	0.000000	-1.#IND00	
0.000000	0.000000	-1.#IND00	
0.000000	0.000000	-1.#IND00	
0.000000	0.000000	-1.#IND00	
0.000000	0.000000	-1.#IND00	
0.000000	0.000000	-1.#IND00	
0.000000	0.000000	-1.#IND00	
0.000000	0.000000	-1.#IND00	
0.000000	0.000000	-1.#IND00	
0.000000	0.000000	-1.#IND00	
0.000000	0.000000	-1.#IND00	
0.000000	0.000000	-1.#IND00	
0.000000	0.000000	-1.#IND00	
0.000000	0.000000	-1.#IND00	
0.000000	0.000000	-1.#IND00	
0.000000	0.000000	-1.#IND00	
0.000000	0.000000	-1.#IND00	
0.000000	0.000000	-1.#IND00	
0.000000	0.000000	-1.#IND00	
0.000000	0.000000	-1.#IND00	
0.000000	0.000000	-1.#IND00	
0.000000	0.000000	-1.#IND00	
0.000000	0.000000	-1.#IND00	
0.000000	0.000000	-1.#IND00	
0.000000	0.000000	-1.#IND00	
0.000000	0.000000	-1.#IND00	
0.000000	0.000000	-1.#IND00	
0.000000	0.000000	-1.#IND00	
0.000000	0.000000	-1.#IND00	
0.000000	0.000000	-1.#IND00	
0.000000	0.000000	-1.#IND00	
0.000000	0.000000	-1.#IND00	
0.000000	0.000000	-1.#IND00	
0.000000	0.000000	-1.#IND00	
0.000000	0.000000	-1.#IND00	
0.000000	0.000000	-1.#IND00	
0.000000	0.000000	-1.#IND00	
0.000000	0.000000	-1.#IND00	
0.000000	0.000000	-1.#IND00	
0.000000	0.000000	-1.#IND00	
0.000000	0.000000	-1.#IND00	
0.000000	0.000000	-1.#IND00	
0.000000	0.000000	-1.#IND00	
0.000000	0.000000	-1.#IND00	
0.000000	0.000000	-1.#IND00	
0.000000	0.000000	-1.#IND00	
0.000000	0.000000	-1.#IND00	
0.000000	0.000000	-1.#IND00	
0.000000	0.000000	-1.#IND00	
0.000000	0.000000	-1.#IND00	
0.000000	0.000000	-1.#IND00	
0.000000	0.000000	-1.#IND00	
0.000000	0.000000	-1.#IND00	
0.000000	0.000000	-1.#IND00	
0.000000	0.000000	-1.#IND00	
0.000000	0.000000	-1.#IND00	
0.000000	0.000000	-1.#IND00	
0.000000	0.000000	-1.#IND00	
0.000000	0.000000	-1.#IND00	
0.000000	0.000000	-1.#IND00	
0.000000	0.000000	-1.#IND00	
0.000000	0.000000	-1.#IND00	
0.000000	0.000000	-1.#IND00	
0.000000	0.000000	-1.#IND00	
0.000000	0.000000	-1.#IND00	
0.000000	0.000000	-1.#IND00	
0.000000	0.000000	-1.#IND00	
0.000000	0.000000	-1.#IND00	
0.000000	0.000000	-1.#IND00	
0.000000	0.000000	-1.#IND00	
0.000000	0.000000	-1.#IND00	
0.000000	0.000000	-1.#IND00	
0.000000	0.000000	-1.#IND00	
0.000000	0.000000	-1.#IND00	
0.000000	0.000000	-1.#IND00	
0.000000	0.000000	-1.#IND00	
0.000000	0.000000	-1.#IND00	
0.000000	0.000000	-1.#IND00	
0.000000	0.000000	-1.#IND00	
0.000000	0.000000	-1.#IND00	
0.000000	0.000000	-1.#IND00	
0.000000	0.000000	-1.#IND00	
0.000000	0.000000	-1.#IND00	
0.000000	0.000000	-1.#IND00	
0.000000	0.000000	-1.#IND00	
0.000000	0.000000	-1.#IND00	
0.000000	0.000000	-1.#IND00	
0.000000	0.000000	-1.#IND00	
0.000000	0.000000	-1.#IND00	
0.000000	0.000000	-1.#IND00	
0.000000	0.000000	-1.#IND00	
0.000000	0.000000	-1.#IND00	
0.000000	0.000000	-1.#IND00	
0.000000	0.000000	-1.#IND00	
0.000000	0.000000	-1.#IND00	
0.000000	0.000000	-1.#IND00	
0.000000	0.000000	-1.#IND00	
0.000000	0.000000	-1.#IND00	
0.000000	0.000000	-1.#IND00	
0.000000	0.000000	-1.#IND00	
0.000000	0.000000	-1.#IND00	
0.000000	0.000000	-1.#IND00	
0.000000	0.000000	-1.#IND00	
0.000000	0.000000	-1.#IND00	
0.000000	0.000000	-1.#IND00	
0.000000	0.000000	-1.#IND00	
0.000000	0.000000	-1.#IND00	
0.000000	0.000000	-1.#IND00	
0.000000	0.000000	-1.#IND00	
0.000000	0.000000	-1.#IND00	
0.000000	0.000000	-1.#IND00	
0.000000	0.000000	-1.#IND00	
0.000000	0.000000	-1.#IND00	
0.000000	0.000000	-1.#IND00	
0.000000	0.000000	-1.#IND00	
0.000000	0.000000	-1.#IND00	
0.000000	0.000000	-1.#IND00	
0.000000	0.000000	-1.#IND00	
0.000000	0.000000	-1.#IND00	
0.000000	0.000000	-1.#IND00	
0.000000	0.000000	-1.#IND00	
0.000000	0.000000	-1.#IND00	
0.000000	0.000000	-1.#IND00	
0.000000	0.000000	-1.#IND00	
0.000000	0.000000	-1.#IND00	
0.000000	0.000000	-1.#IND00	
0.000000	0.000000	-1.#IND00	
0.000000	0.000000	-1.#IND00	
0.000000	0.000000	-1.#IND00	
0.000000	0.000000	-1.#IND00	
0.000000	0.000000	-1.#IND00	
0.000000	0.000000	-1.#IND00	
0.000000	0.000000	-1.#IND00	
0.000000	0.000000	-1.#IND00	
0.000000	0.000000	-1.#IND00	
0.000000	0.000000	-1.#IND00	
0.000000	0.000000	-1.#IND00	
0.000000	0.000000	-1.#IND00	
0.000000	0.000000	-1.#IND00	
0.000000	0.000000	-1.#IND00	
0.000000	0.000000	-1.#IND00	
0.000000	0.000000	-1.#IND00	
0.000000	0.000000	-1.#IND00	
0.000000	0.000000	-1.#IND00	
0.000000	0.000000	-1.#IND00	
0.000000	0.000000	-1.#IND00	
0.000000	0.000000	-1.#IND00	
0.000000	0.000000	-1.#IND00	
0.000000	0.000000	-1.#IND00	
0.000000	0.000000	-1.#IND00	
0.000000	0.000000	-1.#IND00	
0.000000	0.000000	-1.#IND00	
0.000000	0.000000	-1.#IND00	
0.000000	0.000000	-1.#IND00	
0.000000	0.000000	-1.#IND00	
0.000000	0.000000	-1.#IND00	
0.000000	0.000000	-1.#IND00	
0.000000	0.000000	-1.#IND00	
0.000000	0.000000	-1.#IND00	
0.000000	0.000000	-1.#IND00	
0.000000	0.000000	-1.#IND00	
0.000000	0.000000	-1.#IND00	
0.000000	0.000000	-1.#IND00	
0.000000	0.000000	-1.#IND00	
0.000000	0.000000	-1.#IND00	
0.000000	0.000000	-1.#IND00	
0.000000	0.000000	-1.#IND00	
0.000000	0.000000	-1.#IND00	
0.000000	0.000000	-1.#IND00	
0.000000	0.000000	-1.#IND00	
0.000000	0.000000	-1.#IND00	
0.000000	0.000000	-1.#IND00	
0.000000	0.000000	-1.#IND00	
0.000000	0.000000	-1.#IND00	
0.000000	0.000000	-1.#IND00	
0.000000	0.000000	-1.#IND00	
0.000000	0.000000	-1.#IND00	
0.000000	0.000000	-1.#IND00	
0.000000	0.000000	-1.#IND00	
0.000000	0.000000	-1.#IND00	
0.000000	0.000000	-1.#IND00	
0.000000	0.000000	-1.#IND00	
0.000000	0.000000	-1.#IND00	
0.000000	0.000000	-1.#IND00	
0.000000	0.000000	-1.#IND00	
0.000000	0.000000	-1.#IND00	
0.000000	0.000000	-1.#IND00	
0.000000	0.000000	-1.#IND00	
0.000000	0.000000	-1.#IND00	
0.000000	0.000000	-1.#IND00	
0.000000	0.000000	-1.#IND00	
0.000000	0.000000	-1.#IND00	
0.000000	0.000000	-1.#IND00	
0.000000	0.000000	-1.#IND00	
0.000000	0.000000	-1.#IND00	
0.000000	0.000000	-1.#IND00	
0.000000	0.000000	-1.#IND00	
0.000000	0.000000	-1.#IND00	
0.000000	0.000000	-1.#IND00	
0.000000	0.000000	-1.#IND00	
0.000000	0.000000	-1.#IND00	
0.000000	0.000000	-1.#IND00	
0.000000	0.000000	-1.#IND00	
0.000000	0.000000	-1.#IND00	
0.000000	0.000000	-1.#IND00	
0.000000	0.000000	-1.#IND00	
0.000000	0.000000	-1.#IND00	
0.000000	0.000000	-1.#IND00	
0.000000	0.000000	-1.#IND00	
0.000000	0.000000	-1.#IND00	
0.000000	0.000000	-1.#IND00	
0.000000	0.000000	-1.#IND00	
0.000000	0.000000	-1.#IND00	
0.000000	0.000000	-1.#IND00	
0.000000	0.000000	-1.#IND00	
0.000000	0.000000	-1.#IND00	
0.000000	0.000000	-1.#IND00	
0.000000	0.000000	-1.#IND00	
0.000000	0.000000	-1.#IND00	
0.000000	0.000000	-1.#IND00	
0.000000	0.000000	-1.#IND00	
0.000000	0.000000	-1.#IND00	
0.000000	0.000000	-1.#IND00	
0.000000	0.000000	-1.#IND00	
0.000000	0.000000	-1.#IND00	
0.000000	0.000000	-1.#IND00	
0.000000	0.000000	-1.#IND00	
0.000000	0.000000	-1.#IND00	
0.000000	0.000000	-1.#IND00	
0.000000	0.000000	-1.#IND00	
0.000000	0.000000	-1.#IND00	
0.000000	0.000000	-1.#IND00	
0.000000	0.000000	-1.#IND00	
0.000000	0.000000	-1.#IND00	
0.000000	0.000000	-1.#IND00	
0.000000	0.000000	-1.#IND00	
0.000000	0.000000	-1.#IND00	
0.000000	0.000000	-1.#IND00	
0.000000	0.000000	-1.#IND00	
0.000000	0.000000	-1.#IND00	
0.000000	0.000000	-1.#IND00	
0.000000	0.000000	-1.#IND00	
0.000000	0.000000	-1.#IND00	
0.000000	0.000000	-1.#IND00	
0.000000	0.000000	-1.#IND00	
0.000000	0.000000	-1.#IND00	
0.000000	0.000000	-1.#IND00	
0.000000	0.000000	-1.#IND00	
0.000000	0.000000	-1.#IND00	
0.000000	0.000000	-1.#IND00	
0.000000	0.000000	-1.#IND00	
0.000000	0.000000	-1.#IND00	
0.000000	0.000000	-1.#IND00	
0.000000	0.000000	-1.#IND00	
0.000000	0.000000	-1.#IND00	
0.000000	0.000000	-1.#IND00	
0.000000	0.000000	-1.#IND00	
0.000000	0.000000	-1.#IND00	
0.000000	0.000000	-1.#IND00	
0.000000	0.000000	-1.#IND00	
0.000000	0.000000	-1.#IND00	
0.000000	0.000000	-1.#IND00	
0.000000	0.000000	-1.#IND00	
0.000000	0.000000	-1.#IND00	
0.000000	0.000000	-1.#IND00	
0.000000	0.000000	-1.#IND00	
0.000000	0.000000	-1.#IND00	
0.000000	0.000000	-1.#IND00	
0.000000	0.000000	-1.#IND00	
0.000000	0.000000	-1.#IND00	
0.000000	0.000000	-1.#IND00	
0.000000	0.000000	-1.#IND00	
0.000000	0.000000	-1.#IND00	
0.000000	0.000000	-1.#IND00	
0.000000	0.000000	-1.#IND00	
0.000000	0.000000	-1.#IND00	
0.000000	0.000000	-1.#IND00	
0.000000	0.000000	-1.#IND00	
0.000000	0.000000	-1.#IND00	
0.000000	0.000000	-1.#IND00	
0.000000	0.000000	-1.#IND00	
0.000000	0.000000	-1.#IND00	
0.000000	0.000000	-1.#IND00	
0.000000	0.000000	-1.#IND00	
0.000000	0.000000	-1.#IND00	
0.000000	0.000000	-1.#IND00	
0.000000	0.000000	-1.#IND00	
0.000000	0.000000	-1.#IND00	
0.000000	0.000000	-1.#IND00	
0.000000	0.000000	-1.#IND00	
0.000000	0.000000	-1.#IND00	
0.000000	0.000000	-1.#IND00	
0.000000	0.000000	-1.#IND00	
0.000000	0.000000	-1.#IND00	
0.000000	0.000000	-1.#IND00	
0.000000	0.000000	-1.#IND00	
0.000000	0.000000	-1.#IND00	
0.000000	0.000000	-1.#IND00	
0.000000	0.000000	-1.#IND00	
0.000000	0.000000	-1.#IND00	
0.000000	0.000000	-1.#IND00	
0.000000	0.000000	-1.#IND00	
0.000000	0.000000	-1.#IND00	
0.000000	0.000000	-1.#IND00	
0.000000	0.000000	-1.#IND00	
0.000000	0.000000	-1.#IND00	
0.000000	0.000000	-1.#IND00	
0.000000	0.000000	-1.#IND00	
0.000000	0.000000	-1.#IND00	
0.000000	0.000000	-1.#IND00	
0.000000	0.000000	-1.#IND00	
0.000000	0.000000	-1.#IND00	
0.000000	0.000000	-1.#IND00	
0.000000	0.000000	-1.#IND00	
0.000000	0.000000	-1.#IND00	
0.000000	0.000000	-1.#IND00	
0.000000	0.000000	-1.#IND00	
0.000000	0.000000	-1.#IND00	
0.000000	0.000000	-1.#IND00	
0.000000	0.000000	-1.#IND00	
0.000000	0.000000	-1.#IND00	
0.000000	0.000000	-1.#IND00	
0.000000	0.000000	-1.#IND00	
0.000000	0.000000	-1.#IND00	
0.000000	0.000000	-1.#IND00	
0.000000	0.000000	-1.#IND00	
0.000000	0.000000	-1.#IND00	
0.000000	0.000000	-1.#IND00	
0.000000	0.000000	-1.#IND00	
0.000000	0.000000	-1.#IND00	
0.000000	0.000000	-1.#IND00	
0.000000	0.000000	-1.#IND00	
0.000000	0.000000	-1.#IND00	
0.000000	0.000000	-1.#IND00	
0.000000	0.000000	-1.#IND00	
0.000000	0.000000	-1.#IND00	
0.000000	0.000000	-1.#IND00	
0.000000	0.000000	-1.#IND00	
0.000000	0.000000	-1.#IND00	
0.000000	0.000000	-1.#IND00	
0.000000	0.000000	-1.#IND00	
0.000000	0.000000	-1.#IND00	
0.000000	0.000000	-1.#IND00	
0.000000	0.000000	-1.#IND00	
0.000000	0.000000	-1.#IND00	
0.000000	0.000000	-1.#IND00	
0.000000	0.000000	-1.#IND00	
0.000000	0.000000	-1.#IND00	
0.000000	0.000000	-1.#IND00	
0.000000	0.000000	-1.#IND00	
0.000000	0.000000	-1.#IND00	
0.000000	0.000000	-1.#IND00	
0.000000	0.000000	-1.#IND00	
0.000000	0.000000	-1.#IND00	
0.000000	0.000000	-1.#IND00	
0.000000	0.000000	-1.#IND00	
0.000000	0.000000	-1.#IND00	
0.000000	0.000000	-1.#IND00	
0.000000	0.000000	-1.#IND00	
0.000000	0.000000	-1.#IND00	
0.000000	0.000000	-1.#IND00	
0.000000	0.000000	-1.#IND00	
0.000000	0.000000	-1.#IND00	
0.000000	0.000000	-1.#IND00	
0.000000	0.000000	-1.#IND00	
0.000000	0.000000	-1.#IND00	
0.000000	0.000000	-1.#IND00	
0.000000	0.000000	-1.#IND00	
0.000000	0.000000	-1.#IND00	
0.000000	0.000000	-1.#IND00	
0.000000	0.000000	-1.#IND00	
0.000000	0.000000	-1.#IND00	
0.000000	0.000000	-1.#IND00	
0.000000	0.000000	-1.#IND00	
0.000000	0.000000	-1.#IND00	
0.000000	0.000000	-1.#IND00	
0.000000	0.000000	-1.#IND00	
0.000000	0.000000	-1.#IND00	
0.000000	0.000000	-1.#IND00	
0.000000	0.000000	-1.#IND00	
0.000000	0.000000	-1.#IND00	
0.000000	0.000000	-1.#IND00	
0.000000	0.000000	-1.#IND00	
0.000000	0.000000	-1.#IND00	
0.000000	0.000000	-1.#IND00	
0.000000	0.000000	-1.#IND00	
0.000000	0.000000	-1.#IND00	
0.000000	0.000000	-1.#IND00	
0.000000	0.000000	-1.#IND00	
0.000000	0.000000	-1.#IND00	
0.000000	0.000000	-1.#IND00	
0.000000	0.000000	-1.#IND00	
0.000000	0.000000	-1.#IND00	
0.000000	0.000000	-1.#IND00	
0.000000	0.000000	-1.#IND00	
0.000000	0.000000	-1.#IND00	
0.000000	0.000000	-1.#IND00	
0.000000	0.000000	-1.#IND00	
0.000000	0.000000	-1.#IND00	
0.000000	0.000000	-1.#IND00	
0.000000	0.000000	-1.#IND00	
0.000000	0.000000	-1.#IND00	
0.000000	0.000000	-1.#IND00	
0.000000	0.000000	-1.#IND00	
0.000000	0.000000	-1.#IND00	
0.000000	0.000000	-1.#IND00	
0.000000	0.000000	-1.#IND00	
0.000000	0.000000	-1.#IND00	
0.000000	0.000000	-1.#IND00	
0.000000	0.000000	-1.#IND00	
0.000000	0.000000	-1.#IND00	
0.000000	0.000000	-1.#IND00	
0.000000	0.000000	-1.#IND00	
0.000000	0.000000	-1.#IND00	
0.000000	0.000000	-1.#IND00	
0.000000	0.000000	-1.#IND00	
0.000000	0.000000	-1.#IND00	
0.000000	0.000000	-1.#IND00	
0.000000	0.000000	-1.#IND00	
0.000000	0.000000	-1.#IND00	
0.000000	0.000000	-1.#IND00	
0.000000	0.000000	-1.#IND00	
0.000000	0.000000	-1.#IND00	
0.000000	0.000000	-1.#IND00	
0.000000	0.000000	-1.#IND00	
0.000000	0.000000	-1.#IND00	
0.000000	0.000000	-1.#IND00	
0.000000	0.000000	-1.#IND00	
0.000000	0.000000	-1.#IND00	
0.000000	0.000000	-1.#IND00	
0.000000	0.000000	-1.#IND00	
0.000000	0.000000	-1.#IND00	
0.000000	0.000000	-1.#IND00	
0.000000	0.000000	-1.#IND00	
0.000000	0.000000	-1.#IND00	
0.000000	0.000000	-1.#IND00	
0.000000	0.000000	-1.#IND00	
0.000000	0.000000	-1.#IND00	
0.000000	0.000000	-1.#IND00	
0.000000	0.000000	-1.#IND00	
0.000000	0.000000	-1.#IND00	
0.000000	0.000000	-1.#IND00	
0.000000	0.000000	-1.#IND00	
0.000000	0.000000	-1.#IND00	
0.000000	0.000000	-1.#IND00	
0.000000	0.000000	-1.#IND00	
0.000000	0.000000	-1.#IND00	
0.000000	0.000000	-1.#IND00	
0.000000	0.000000	-1.#IND00	
0.000000	0.000000	-1.#IND00	
0.000000	0.000000	-1.#IND00	
0.000000	0.000000	-1.#IND00	
0.000000	0.000000	-1.#IND00	
0.000000	0.000000	-1.#IND00	
0.000000	0.000000	-1.#IND00	
0.000000	0.000000	-1.#IND00	
0.000000	0.000000	-1.#IND00	
0.000000	0.000000	-1.#IND00	
0.000000	0.000000	-1.#IND00	
0.000000	0.000000	-1.#IND00	
0.000000	0.000000	-1.#IND00	
0.000000	0.000000	-1.#IND00	
0.000000	0.000000	-1.#IND00	
0.000000	0.000000	-1.#IND00	
0.000000	0.000000	-1.#IND00	
0.000000	0.000000	-1.#IND00	
0.000000	0.000000	-1.#IND00	
0.000000	0.000000	-1.#IND00	
0.000000	0.000000	-1.#IND00	
0.000000	0.000000	-1.#IND00	
0.000000	0.000000	-1.#IND00	
0.000000	0.000000	-1.#IND00	
0.000000	0.000000	-1.#IND00	
0.000000	0.000000	-1.#IND00	
0.000000	0.000000	-1.#IND00	
0.000000	0.000000	-1.#IND00	
0.000000	0.000000	-1.#IND00	
0.000000	0.000000	-1.#IND00	
0.000000	0.000000	-1.#IND00	
0.000000	0.000000	-1.#IND00	
0.000000	0.000000	-1.#IND00	
0.000000	0.000000	-1.#IND00	
0.000000	0.000000	-1.#IND00	
0.000000	0.000000	-1.#IND00	
0.000000	0.000000	-1.#IND00	
0.000000	0.000000	-1.#IND00	
0.000000	0.000000	-1.#IND00	
0.000000	0.000000	-1.#IND00	
0.000000	0.000000	-1.#IND00	
0.000000	0.000000	-1.#IND00	
0.000000	0.000000	-1.#IND00	
0.000000	0.000000	-1.#IND00	
0.000000	0.000000	-1.#IND00	
0.000000	0.000000	-1.#IND00	
0.000000	0.000000	-1.#IND00	
0.000000	0.000000	-1.#IND00	
0.000000	0.000000	-1.#IND00	
0.000000	0.000000	-1.#IND00	
0.000000	0.000000	-1.#IND00	
0.000000	0.000000	-1.#IND00	
0.000000	0.000000	-1.#IND00	
0.000000	0.000000	-1.#IND00	
0.000000	0.000000	-1.#IND00	
0.000000	0.000000	-1.#IND00	
0.000000	0.000000	-1.#IND00	
0.000000	0.000000	-1.#IND00	
0.000000	0.000000	-1.#IND00	
0.000000	0.000000	-1.#IND00	
0.000000	0.000000	-1.#IND00	
0.000000	0.000000	-1.#IND00	
0.000000	0.000000	-1.#IND00	
0.000000	0.000000	-1.#IND00	
0.000000	0.000000	-1.#IND00	
0.000000	0.000000	-1.#IND00	
0.000000	0.000000	-1.#IND00	
0.000000	0.000000	-1.#IND00	
0.000000	0.000000	-1.#IND00	
0.000000	0.000000	-1.#IND00	
0.000000	0.000000	-1.#IND00	
0.000000	0.000000	-1.#IND00	
0.000000	0.000000	-1.#IND00	
0.000000	0.000000	-1.#IND00	
0.000000	0.000000	-1.#IND00	
0.000000	0.000000	-1.#IND00	
0.000000	0.000000	-1.#IND00	
0.000000	0.000000	-1.#IND00	
0.000000	0.000000	-1.#IND00	
0.000000	0.000000	-1.#IND00	
0.000000	0.000000	-1.#IND00	
0.000000	0.000000	-1.#IND00	
0.000000	0.000000	-1.#IND00	
0.000000	0.000000	-1.#IND00	
0.000000	0.000000	-1.#IND00	
0.000000	0.000000	-1.#IND00	
0.000000	0.000000	-1.#IND00	
0.000000	0.000000	-1.#IND00	
0.000000	0.000000	-1.#IND00	
0.000000	0.000000	-1.#IND00	
0.000000	0.000000	-1.#IND00	
0.000000	0.000000	-1.#IND00	
0.000000	0.000000	-1.#IND00	
0.000000	0.000000	-1.#IND00	
0.000000	0.000000	-1.#IND00	
0.000000	0.000000	-1.#IND00	
0.000000	0.000000	-1.#IND00	
0.000000	0.000000	-1.#IND00	
0.000000	0.000000	-1.#IND00	
0.000000	0.000000	-1.#IND00	
0.000000	0.000000	-1.#IND00	
0.000000	0.000000	-1.#IND00	
0.000000	0.000000	-1.#IND00	
0.000000	0.000000	-1.#IND00	
0.000000	0.000000	-1.#IND00	
0.000000	0.000000	-1.#IND00	
0.000000	0.000000	-1.#IND00	
0.000000	0.000000	-1.#IND00	
0.000000	0.000000	-1.#IND00	
0.000000	0.000000	-1.#IND00	
0.000000	0.000000	-1.#IND00	
0.000000	0.000000	-1.#IND00	
0.000000	0.000000	-1.#IND00	
0.000000	0.000000	-1.#IND00	
0.000000	0.000000	-1.#IND00	
0.000000	0.000000	-1.#IND00	
0.000000	0.000000	-1.#IND00	
0.000000	0.000000	-1.#IND00	
0.000000	0.000000	-1.#IND00	
0.000000	0.000000	-1.#IND00	
0.000000	0.000000	-1.#IND00	
0.000000	0.000000	-1.#IND00	
0.000000	0.000000	-1.#IND00	
0.000000	0.000000	-1.#IND00	
0.000000	0.000000	-1.#IND00	
0.000000	0.000000	-1.#IND00	
0.000000	0.000000	-1.#IND00	
0.000000	0.000000	-1.#IND00	
0.000000	0.000000	-1.#IND00	
0.000000	0.000000	-1.#IND00	
0.000000	0.000000	-1.#IND00	
0.000000	0.000000	-1.#IND00	
0.000000	0.000000	-1.#IND00	
0.000000	0.000000	-1.#IND00	
0.000000	0.000000	-1.#IND00	
0.000000	0.000000	-1.#IND00	
0.000000	0.000000	-1.#IND00	
0.000000	0.000000	-1.#IND00	
0.000000	0.000000	-1.#IND00	
0.000000	0.000000	-1.#IND00	
0.000000	0.000000	-1.#IND00	
0.000000	0.000000	-1.#IND00	
0.000000	0.000000	-1.#IND00	
0.000000	0.000000	-1.#IND00	
0.000000	0.000000	-1.#IND00	
0.000000	0.000000	-1.#IND00	
0.000000	0.000000	-1.#IND00	
0.000000	0.000000	-1.#IND00	
0.000000	0.000000	-1.#IND00	
0.000000	0.000000	-1.#IND00	
0.000000	0.000000	-1.#IND00	
0.000000	0.000000	-1.#IND00	
0.000000	0.000000	-1.#IND00	
0.000000	0.000000	-1.#IND00	
0.000000	0.000000	-1.#IND00	
0.000000	0.000000	-1.#IND00	
0.000000	0.000000	-1.#IND00	
0.000000	0.000000	-1.#IND00	
0.000000	0.000000	-1.#IND00	
0.000000	0.000000	-1.#IND00	
0.000000	0.000000	-1.#IND00	
0.000000	0.000000	-1.#IND00	
0.000000	0.000000	-1.#IND00	
0.000000	0.000000	-1.#IND00	
0.000000	0.000000	-1.#IND00	
0.000000	0.000000	-1.#IND00	
0.000000	0.000000	-1.#IND00	
0.000000	0.000000	-1.#IND00	
0.000000	0.000000	-1.#IND00	
0.000000	0.000000	-1.#IND00	
0.000000	0.000000	-1.#IND00	
0.000000	0.000000	-1.#IND00	
0.000000	0.000000	-1.#IND00	
0.000000	0.000000	-1.#IND00	
0.000000	0.000000	-1.#IND00	
0.000000	0.000000	-1.#IND00	
0.000000	0.000000	-1.#IND00	
0.000000	0.000000	-1.#IND00	
0.000000	0.000000	-1.#IND00	
0.000000	0.000000	-1.#IND00	
0.000000	0.000000	-1.#IND00	
0.000000	0.000000	-1.#IND00	
0.000000	0.000000	-1.#IND00	
0.000000	0.000000	-1.#IND00	
0.000000	0.000000	-1.#IND00	
0.000000	0.000000	-1.#IND00	
0.000000	0.000000	-1.#IND00	
0.000000	0.000000	-1.#IND00	
0.000000	0.000000	-1.#IND00	
0.000000	0.000000	-1.#IND00	
0.000000	0.000000	-1.#IND00	
0.000000	0.000000	-1.#IND00	
0.000000	0.000000	-1.#IND00	
0.000000	0.000000	-1.#IND00	
0.000000	0.000000	-1.#IND00	
0.000000	0.000000	-1.#IND00	
0.000000	0.000000	-1.#IND00	
0.000000	0.000000	-1.#IND00	
0.000000	0.000000	-1.#IND00	
0.000000	0.000000	-1.#IND00	
0.000000	0.000000	-1.#IND00	
0.000000	0.000000	-1.#IND00	
0.000000	0.000000	-1.#IND00	
0.000000	0.000000	-1.#IND00	
0.000000	0.000000	-1.#IND00	
0.000000	0.000000	-1.#IND00	
0.000000	0.000000	-1.#IND00	
0.000000	0.000000	-1.#IND00	
0.000000	0.000000	-1.#IND00	
0.000000	0.000000	-1.#IND00	
0.000000	0.000000	-1.#IND00	
0.000000	0.000000	-1.#IND00	
0.000000	0.000000	-1.#IND00	
0.000000	0.000000	-1.#IND00	
0.000000	0.000000	-1.#IND00	
0.000000	0.000000	-1.#IND00	
0.000000	0.000000	-1.#IND00	
0.000000	0.000000	-1.#IND00	
0.000000	0.000000	-1.#IND00	
0.000000	0.000000	-1.#IND00	
0.000000	0.000000	-1.#IND00	
0.000000	0.000000	-1.#IND00	
0.000000	0.000000	-1.#IND00	
0.000000	0.000000	-1.#IND00	
0.000000	0.000000	-1.#IND00	
0.000000	0.000000	-1.#IND00	
0.000000	0.000000	-1.#IND00	
0.000000	0.000000	-1.#IND00	
0.000000	0.000000	-1.#IND00	
0.000000	0.000000	-1.#IND00	
0.000000	0.000000	-1.#IND00	
0.000000	0.000000	-1.#IND00	
0.000000	0.000000	-1.#IND00	
0.000000	0.000000	-1.#IND00	
0.000000	0.000000	-1.#IND00	
0.000000	0.000000	-1.#IND00	
0.000000	0.000000	-1.#IND00	
0.000000	0.000000	-1.#IND00	
0.000000	0.000000	-1.#IND00	
0.000000	0.000000	-1.#IND00	
0.000000	0.000000	-1.#IND00	
0.000000	0.000000	-1.#IND00	
0.000000	0.000000	-1.#IND00	
0.000000	0.000000	-1.#IND00	
0.000000	0.000000	-1.#IND00	
0.000000	0.000000	-1.#IND00	
0.000000	0.000000	-1.#IND00	
0.000000	0.000000	-1.#IND00	
0.000000	0.000000	-1.#IND00	
0.000000	0.000000	-1.#IND00	
0.000000	0.000000	-1.#IND00	
0.000000	0.000000	-1.#IND00	
0.000000	0.000000	-1.#IND00	
0.000000	0.000000	-1.#IND00	
0.000000	0.000000	-1.#IND00	
0.000000	0.000000	-1.#IND00	
0.000000	0.000000	-1.#IND00	
0.000000	0.000000	-1.#IND00	
0.000000	0.000000	-1.#IND00	
0.000000	0.000000	-1.#IND00	
0.000000	0.000000	-1.#IND00	
0.000000	0.000000	-1.#IND00	
0.000000	0.000000	-1.#IND00	
0.000000	0.000000	-1.#IND00	
0.000000	0.000000	-1.#IND00	
0.000000	0.000000	-1.#IND00	
0.000000	0.000000	-1.#IND00	
0.000000	0.000000	-1.#IND00	
0.000000	0.000000	-1.#IND00	
0.000000	0.000000	-1.#IND00	
0.000000	0.000000	-1.#IND00	
0.000000	0.000000	-1.#IND00	
0.000000	0.000000	-1.#IND00	
0.000000	0.000000	-1.#IND00	
0.000000	0.000000	-1.#IND00	
0.000000	0.000000	-1.#IND00	
0.000000	0.000000	-1.#IND00	
0.000000	0.000000	-1.#IND00	
0.000000	0.000000	-1.#IND00	
0.000000	0.000000	-1.#IND00	
0.000000	0.000000	-1.#IND00	
0.000000	0.000000	-1.#IND00	
0.000000	0.000000	-1.#IND00	
0.000000	0.000000	-1.#IND00	
0.000000	0.000000	-1.#IND00	
0.000000	0.000000	-1.#IND00	
0.000000	0.000000	-1.#IND00	
0.000000	0.000000	-1.#IND00	
0.000000	0.000000	-1.#IND00	
0.000000	0.000000	-1.#IND00	
0.000000	0.000000	-1.#IND00	
0.000000	0.000000	-1.#IND00	
0.000000	0.000000	-1.#IND00	
0.000000	0.000000	-1.#IND00	
0.000000	0.000000	-1.#IND00	
0.000000	0.000000	-1.#IND00	
0.000000	0.000000	-1.#IND00	
0.000000	0.000000	-1.#IND00	
0.000000	0.000000	-1.#IND00	
0.000000	0.000000	-1.#IND00	
0.000000	0.000000	-1.#IND00	
0.000000	0.000000	-1.#IND00	
0.000000	0.000000	-1.#IND00	
0.000000	0.000000	-1.#IND00	
0.000000	0.000000	-1.#IND00	
0.000000	0.000000	-1.#IND00	
0.000000	0.000000	-1.#IND00	
0.000000	0.000000	-1.#IND00	
0.000000	0.000000	-1.#IND00	
0.000000	0.000000	-1.#IND00	
0.000000	0.000000	-1.#IND00	
0.000000	0.000000	-1.#IND00	
0.000000	0.000000	-1.#IND00	
0.000000	0.000000	-1.#IND00	
0.000000	0.000000	-1.#IND00	
0.000000	0.000000	-1.#IND00	
0.000000	0.000000	-1.#IND00	
0.000000	0.000000	-1.#IND00	
0.000000	0.000000	-1.#IND00	
0.000000	0.000000	-1.#IND00	
0.000000	0.000000	-1.#IND00	
0.000000	0.000000	-1.#IND00	
0.000000	0.000000	-1.#IND00	
0.000000	0.000000	-1.#IND00	
0.000000	0.000000	-1.#IND00	
0.000000	0.000000	-1.#IND00	
0.000000	0.000000	-1.#IND00	
0.000000	0.000000	-1.#IND00	
0.000000	0.000000	-1.#IND00	
0.000000	0.000000	-1.#IND00	
0.000000	0.000000	-1.#IND00	
0.000000	0.000000	-1.#IND00	
0.000000	0.000000	-1.#IND00	
0.000000	0.000000	-1.#IND00	
0.000000	0.000000	-1.#IND00	
0.000000	0.000000	-1.#IND00	
0.000000	0.000000	-1.#IND00	
0.000000	0.000000	-1.#IND00	
0.000000	0.000000	-1.#IND00	
0.000000	0.000000	-1.#IND00	
0.000000	0.000000	-1.#IND00	
0.000000	0.000000	-1.#IND00	
0.000000	0.000000	-1.#IND00	
0.000000	0.000000	-1.#IND00	
0.000000	0.000000	-1.#IND00	
0.000000	0.000000	-1.#IND00	
0.000000	0.000000	-1.#IND00	
0.000000	0.000000	-1.#IND00	
0.000000	0.000000	-1.#IND00	
0.000000	0.000000	-1.#IND00	
0.000000	0.000000	-1.#IND00	
0.000000	0.000000	-1.#IND00	
0.000000	0.000000	-1.#IND00	
0.000000	0.000000	-1.#IND00	
0.000000	0.000000	-1.#IND00	
0.000000	0.000000	-1.#IND00	
0.000000	0.000000	-1.#IND00	
0.000000	0.000000	-1.#IND00	
0.000000	0.000000	-1.#IND00	
0.000000	0.000000	-1.#IND00	
0.000000	0.000000	-1.#IND00	
0.000000	0.000000	-1.#IND00	
0.000000	0.000000	-1.#IND00	
0.000000	0.000000	-1.#IND00	
0.000000	0.000000	-1.#IND00	
0.000000	0.000000	-1.#IND00	
0.000000	0.000000	-1.#IND00	
0.000000	0.000000	-1.#IND00	
0.000000	0.000000	-1.#IND00	
0.000000	0.000000	-1.#IND00	
0.000000	0.000000	-1.#IND00	
0.000000	0.000000	-1.#IND00	
0.000000	0.000000	-1.#IND00	
0.000000	0.000000	-1.#IND00	
0.000000	0.000000	-1.#IND00	
0.000000	0.000000	-1.#IND00	
0.000000	0.000000	-1.#IND00	
0.000000	0.000000	-1.#IND00	
0.000000	0.000000	-1.#IND00	
0.000000	0.000000	-1.#IND00	
0.000000	0.000000	-1.#IND00	
0.000000	0.000000	-1.#IND00	
0.000000	0.000000	-1.#IND00	
0.000000	0.000000	-1.#IND00	
0.000000	0.000000	-1.#IND00	
0.000000	0.000000	-1.#IND00	
0.000000	0.000000	-1.#IND00	
0.000000	0.000000	-1.#IND00	
0.000000	0.000000	-1.#IND00	
0.000000	0.000000	-1.#IND00	
0.000000	0.000000	-1.#IND00	
0.000000	0.000000	-1.#IND00	
0.000000	0.000000	-1.#IND00	
0.000000	0.000000	-1.#IND00	
0.000000	0.000000	-1.#IND00	
0.000000	0.000000	-1.#IND00	
0.000000	0.000000	-1.#IND00	
0.000000	0.000000	-1.#IND00	
0.000000	0.000000	-1.#IND00	
0.000000	0.000000	-1.#IND00	
0.000000	0.000000	-1.#IND00	
0.000000	0.000000	-1.#IND00	
0.000000	0.000000	-1.#IND00	
0.000000	0.000000	-1.#IND00	
0.000000	0.000000	-1.#IND00	
0.000000	0.000000	-1.#IND00	
0.000000	0.000000	-1.#IND00	
0.000000	0.000000	-1.#IND00	
0.000000	0.000000	-1.#IND00	
0.000000	0.000000	-1.#IND00	
0.000000	0.000000	-1.#IND00	
0.000000	0.000000	-1.#IND00	
0.000000	0.000000	-1.#IND00	
0.000000	0.000000	-1.#IND00	
0.000000	0.000000	-1.#IND00	
0.000000	0.000000	-1.#IND00	
0.000000	0.000000	-1.#IND00	
0.000000	0.000000	-1.#IND00	
0.000000	0.000000	-1.#IND00	
0.000000	0.000000	-1.#IND00	
0.000000	0.000000	-1.#IND00	
0.000000	0.000000	-1.#IND00	
0.000000	0.000000	-1.#IND00	
0.000000	0.000000	-1.#IND00	
0.000000	0.000000	-1.#IND00	
0.000000	0.000000	-1.#IND00	
0.000000	0.000000	-1.#IND00	
0.000000	0.000000	-1.#IND00	
0.000000	0.000000	-1.#IND00	
0.000000	0.000000	-1.#IND00	
0.000000	0.000000	-1.#IND00	
0.000000	0.000000	-1.#IND00	
0.000000	0.000000	-1.#IND00	
0.000000	0.000000	-1.#IND00	
0.000000	0.000000	-1.#IND00	
0.000000	0.000000	-1.#IND00	
0.000000	0.000000	-1.#IND00	
0.000000	0.000000	-1.#IND00	
0.000000	0.000000	-1.#IND00	
0.000000	0.000000	-1.#IND00	
0.000000	0.000000	-1.#IND00	
0.000000	0.000000	-1.#IND00	
0.000000	0.000000	-1.#IND00	
0.000000	0.000000	-1.#IND00	
0.000000	0.000000	-1.#IND00	
0.000000	0.000000	-1.#IND00	
0.000000	0.000000	-1.#IND00	
0.000000	0.000000	-1.#IND00	
0.000000	0.000000	-1.#IND00	
0.000000	0.000000	-1.#IND00	
0.000000	0.000000	-1.#IND00	
0.000000	0.000000	-1.#IND00	
0.000000	0.000000	-1.#IND00	
0.000000	0.000000	-1.#IND00	
0.000000	0.000000	-1.#IND00	
0.000000	0.000000	-1.#IND00	
0.000000	0.000000	-1.#IND00	
0.000000	0.000000	-1.#IND00	
0.000000	0.000000	-1.#IND00	
0.000000	0.000000	-1.#IND00	
0.000000	0.000000	-1.#IND00	
0.000000	0.000000	-1.#IND00	
0.000000	0.000000	-1.#IND00	
0.000000	0.000000	-1.#IND00	
0.000000	0.000000	-1.#IND00	
0.000000	0.000000	-1.#IND00	
0.000000	0.000000	-1.#IND00	
0.000000	0.000000	-1.#IND00	
0.000000	0.000000	-1.#IND00	
0.000000	0.000000	-1.#IND00	
0.000000	0.000000	-1.#IND00	
0.000000	0.000000	-1.#IND00	
0.000000	0.000000	-1.#IND00	
0.000000	0.000000	-1.#IND00	
0.000000	0.000000	-1.#IND00	
0.000000	0.000000	-1.#IND00	
0.000000	0.000000	-1.#IND00	
0.000000	0.000000	-1.#IND00	
0.000000	0.000000	-1.#IND00	
0.000000	0.000000	-1.#IND00	
0.000000	0.000000	-1.#IND00	
0.000000	0.000000	-1.#IND00	
0.000000	0.000000	-1.#IND00	
0.000000	0.000000	-1.#IND00	
0.000000	0.000000	-1.#IND00	
0.000000	0.000000	-1.#IND00	
0.000000	0.000000	-1.#IND00	
0.000000	0.000000	-1.#IND00	
0.000000	0.000000	-1.#IND00	
0.000000	0.000000	-1.#IND00	
0.000000	0.000000	-1.#IND00	
0.000000	0.000000	-1.#IND00	
0.000000	0.000000	-1.#IND00	
0.000000	0.000000	-1.#IND00	
0.000000	0.000000	-1.#IND00	
0.000000	0.000000	-1.#IND00	
0.000000	0.000000	-1.#IND00	
0.000000	0.000000	-1.#IND00	
0.000000	0.000000	-1.#IND00	
0.000000	0.000000	-1.#IND00	
0.000000	0.000000	-1.#IND00	
0.000000	0.000000	-1.#IND00	
0.000000	0.000000	-1.#IND00	
0.000000	0.000000	-1.#IND00	
0.000000	0.000000	-1.#IND00	
0.000000	0.000000	-1.#IND00	
0.000000	0.000000	-1.#IND00	
0.000000	0.000000	-1.#IND00	
0.000000	0.000000	-1.#IND00	
0.000000	0.000000	-1.#IND00	
0.000000	0.000000	-1.#IND00	
0.000000	0.000000	-1.#IND00	
0.000000	0.000000	-1.#IND00	
0.000000	0.000000	-1.#IND00	
0.000000	0.000000	-1.#IND00	
0.000000	0.000000	-1.#IND00	
0.000000	0.000000	-1.#IND00	
0.000000	0.000000	-1.#IND00	
0.000000	0.000000	-1.#IND00	
0.000000	0.000000	-1.#IND00	
0.000000	0.000000	-1.#IND00	
0.000000	0.000000	-1.#IND00	
0.000000	0.000000	-1.#IND00	
0.000000	0.000000	-1.#IND00	
0.000000	0.000000	-1.#IND00	
0.000000	0.000000	-1.#IND00	
0.000000	0.000000	-1.#IND00	
0.000000	0.000000	-1.#IND00	
0.000000	0.000000	-1.#IND00	
0.000000	0.000000	-1.#IND00	
0.000000	0.000000	-1.#IND00	
0.000000	0.000000	-1.#IND00	
0.000000	0.000000	-1.#IND00	
0.000000	0.000000	-1.#IND00	
0.000000	0.000000	-1.#IND00	
0.000000	0.000000	-1.#IND00	
0.000000	0.000000	-1.#IND00	
0.000000	0.000000	-1.#IND00	
0.000000	0.000000	-1.#IND00	
0.000000	0.000000	-1.#IND00	
0.000000	0.000000	-1.#IND00	
0.000000	0.000000	-1.#IND00	
0.000000	0.000000	-1.#IND00	
0.000000	0.000000	-1.#IND00	
0.000000	0.000000	-1.#IND00	
0.000000	0.000000	-1.#IND00	
0.000000	0.000000	-1.#IND00	
0.000000	0.000000	-1.#IND00	
0.000000	0.000000	-1.#IND00	
0.000000	0.000000	-1.#IND00	
0.000000	0.000000	-1.#IND00	
0.000000	0.000000	-1.#IND00	
0.000000	0.000000	-1.#IND00	
0.000000	0.000000	-1.#IND00	
0.000000	0.000000	-1.#IND00	
0.000000	0.000000	-1.#IND00	
0.000000	0.000000	-1.#IND00	
0.000000	0.000000	-1.#IND00	
0.000000	0.000000	-1.#IND00	
0.000000	0.000000	-1.#IND00	
0.000000	0.000000	-1.#IND00	
0.000000	0.000000	-1.#IND00	
0.000000	0.000000	-1.#IND00	
0.000000	0.000000	-1.#IND00	
